InterPad_I	InterPad_V
-3.7849e-06	-5.0000e-01
-3.8020e-06	-4.9900e-01
-3.8022e-06	-4.9800e-01
-3.8036e-06	-4.9700e-01
-3.7913e-06	-4.9600e-01
-3.8215e-06	-4.9500e-01
-3.8198e-06	-4.9400e-01
-3.8057e-06	-4.9300e-01
-3.8010e-06	-4.9200e-01
-3.8387e-06	-4.9100e-01
-3.8285e-06	-4.9000e-01
-3.8411e-06	-4.8900e-01
-3.8100e-06	-4.8800e-01
-3.8097e-06	-4.8700e-01
-3.8145e-06	-4.8600e-01
-3.8351e-06	-4.8500e-01
-3.8257e-06	-4.8400e-01
-3.8356e-06	-4.8300e-01
-3.8356e-06	-4.8200e-01
-3.8189e-06	-4.8100e-01
-3.8327e-06	-4.8000e-01
-3.8352e-06	-4.7900e-01
-3.8491e-06	-4.7800e-01
-3.8357e-06	-4.7700e-01
-3.8593e-06	-4.7600e-01
-3.8335e-06	-4.7500e-01
-3.8324e-06	-4.7400e-01
-3.8389e-06	-4.7300e-01
-3.8401e-06	-4.7200e-01
-3.8450e-06	-4.7100e-01
-3.8405e-06	-4.7000e-01
-3.8792e-06	-4.6900e-01
-3.8364e-06	-4.6800e-01
-3.8323e-06	-4.6700e-01
-3.8586e-06	-4.6600e-01
-3.8649e-06	-4.6500e-01
-3.8485e-06	-4.6400e-01
-3.8557e-06	-4.6300e-01
-3.8580e-06	-4.6200e-01
-3.8685e-06	-4.6100e-01
-3.8578e-06	-4.6000e-01
-3.8450e-06	-4.5900e-01
-3.8469e-06	-4.5800e-01
-3.8476e-06	-4.5700e-01
-3.8530e-06	-4.5600e-01
-3.8460e-06	-4.5500e-01
-3.8371e-06	-4.5400e-01
-3.8460e-06	-4.5300e-01
-3.8760e-06	-4.5200e-01
-3.8442e-06	-4.5100e-01
-3.8726e-06	-4.5000e-01
-3.8439e-06	-4.4900e-01
-3.8482e-06	-4.4800e-01
-3.8316e-06	-4.4700e-01
-3.8564e-06	-4.4600e-01
-3.8692e-06	-4.4500e-01
-3.8332e-06	-4.4400e-01
-3.8511e-06	-4.4300e-01
-3.8459e-06	-4.4200e-01
-3.8516e-06	-4.4100e-01
-3.8765e-06	-4.4000e-01
-3.8619e-06	-4.3900e-01
-3.8768e-06	-4.3800e-01
-3.8925e-06	-4.3700e-01
-3.8652e-06	-4.3600e-01
-3.8492e-06	-4.3500e-01
-3.8681e-06	-4.3400e-01
-3.8544e-06	-4.3300e-01
-3.8680e-06	-4.3200e-01
-3.8550e-06	-4.3100e-01
-3.8715e-06	-4.3000e-01
-3.8883e-06	-4.2900e-01
-3.8588e-06	-4.2800e-01
-3.8514e-06	-4.2700e-01
-3.8601e-06	-4.2600e-01
-3.8656e-06	-4.2500e-01
-3.8704e-06	-4.2400e-01
-3.8598e-06	-4.2300e-01
-3.8466e-06	-4.2200e-01
-3.8513e-06	-4.2100e-01
-3.8756e-06	-4.2000e-01
-3.8821e-06	-4.1900e-01
-3.8933e-06	-4.1800e-01
-3.8636e-06	-4.1700e-01
-3.8657e-06	-4.1600e-01
-3.8395e-06	-4.1500e-01
-3.8679e-06	-4.1400e-01
-3.8580e-06	-4.1300e-01
-3.8542e-06	-4.1200e-01
-3.8603e-06	-4.1100e-01
-3.8832e-06	-4.1000e-01
-3.8510e-06	-4.0900e-01
-3.8787e-06	-4.0800e-01
-3.8761e-06	-4.0700e-01
-3.8470e-06	-4.0600e-01
-3.8466e-06	-4.0500e-01
-3.8496e-06	-4.0400e-01
-3.8569e-06	-4.0300e-01
-3.8378e-06	-4.0200e-01
-3.8464e-06	-4.0100e-01
-3.8480e-06	-4.0000e-01
-3.8621e-06	-3.9900e-01
-3.8443e-06	-3.9800e-01
-3.8555e-06	-3.9700e-01
-3.8560e-06	-3.9600e-01
-3.8616e-06	-3.9500e-01
-3.8471e-06	-3.9400e-01
-3.8449e-06	-3.9300e-01
-3.8459e-06	-3.9200e-01
-3.8318e-06	-3.9100e-01
-3.8442e-06	-3.9000e-01
-3.8578e-06	-3.8900e-01
-3.8466e-06	-3.8800e-01
-3.8259e-06	-3.8700e-01
-3.8301e-06	-3.8600e-01
-3.8333e-06	-3.8500e-01
-3.8506e-06	-3.8400e-01
-3.8210e-06	-3.8300e-01
-3.8373e-06	-3.8200e-01
-3.8312e-06	-3.8100e-01
-3.8330e-06	-3.8000e-01
-3.8243e-06	-3.7900e-01
-3.8492e-06	-3.7800e-01
-3.8424e-06	-3.7700e-01
-3.8294e-06	-3.7600e-01
-3.8376e-06	-3.7500e-01
-3.8371e-06	-3.7400e-01
-3.8309e-06	-3.7300e-01
-3.8390e-06	-3.7200e-01
-3.8524e-06	-3.7100e-01
-3.8620e-06	-3.7000e-01
-3.8344e-06	-3.6900e-01
-3.8298e-06	-3.6800e-01
-3.8437e-06	-3.6700e-01
-3.8385e-06	-3.6600e-01
-3.8379e-06	-3.6500e-01
-3.8246e-06	-3.6400e-01
-3.8469e-06	-3.6300e-01
-3.8505e-06	-3.6200e-01
-3.8403e-06	-3.6100e-01
-3.8346e-06	-3.6000e-01
-3.8532e-06	-3.5900e-01
-3.8506e-06	-3.5800e-01
-3.8341e-06	-3.5700e-01
-3.8490e-06	-3.5600e-01
-3.8466e-06	-3.5500e-01
-3.8288e-06	-3.5400e-01
-3.8481e-06	-3.5300e-01
-3.8257e-06	-3.5200e-01
-3.8426e-06	-3.5100e-01
-3.8310e-06	-3.5000e-01
-3.8245e-06	-3.4900e-01
-3.8223e-06	-3.4800e-01
-3.8425e-06	-3.4700e-01
-3.8047e-06	-3.4600e-01
-3.8139e-06	-3.4500e-01
-3.8104e-06	-3.4400e-01
-3.8273e-06	-3.4300e-01
-3.8467e-06	-3.4200e-01
-3.8299e-06	-3.4100e-01
-3.8155e-06	-3.4000e-01
-3.7964e-06	-3.3900e-01
-3.8057e-06	-3.3800e-01
-3.7974e-06	-3.3700e-01
-3.7973e-06	-3.3600e-01
-3.8231e-06	-3.3500e-01
-3.7959e-06	-3.3400e-01
-3.7956e-06	-3.3300e-01
-3.8082e-06	-3.3200e-01
-3.8385e-06	-3.3100e-01
-3.8304e-06	-3.3000e-01
-3.8132e-06	-3.2900e-01
-3.8009e-06	-3.2800e-01
-3.7988e-06	-3.2700e-01
-3.8031e-06	-3.2600e-01
-3.7931e-06	-3.2500e-01
-3.8021e-06	-3.2400e-01
-3.8091e-06	-3.2300e-01
-3.8238e-06	-3.2200e-01
-3.8156e-06	-3.2100e-01
-3.7792e-06	-3.2000e-01
-3.7733e-06	-3.1900e-01
-3.7936e-06	-3.1800e-01
-3.7736e-06	-3.1700e-01
-3.7923e-06	-3.1600e-01
-3.7873e-06	-3.1500e-01
-3.7697e-06	-3.1400e-01
-3.7755e-06	-3.1300e-01
-3.7477e-06	-3.1200e-01
-3.7514e-06	-3.1100e-01
-3.7730e-06	-3.1000e-01
-3.7539e-06	-3.0900e-01
-3.7706e-06	-3.0800e-01
-3.7463e-06	-3.0700e-01
-3.7480e-06	-3.0600e-01
-3.7519e-06	-3.0500e-01
-3.7571e-06	-3.0400e-01
-3.7615e-06	-3.0300e-01
-3.7343e-06	-3.0200e-01
-3.7664e-06	-3.0100e-01
-3.7478e-06	-3.0000e-01
-3.7363e-06	-2.9900e-01
-3.7452e-06	-2.9800e-01
-3.7322e-06	-2.9700e-01
-3.7350e-06	-2.9600e-01
-3.7669e-06	-2.9500e-01
-3.7694e-06	-2.9400e-01
-3.7283e-06	-2.9300e-01
-3.7446e-06	-2.9200e-01
-3.7375e-06	-2.9100e-01
-3.7544e-06	-2.9000e-01
-3.7335e-06	-2.8900e-01
-3.7417e-06	-2.8800e-01
-3.7574e-06	-2.8700e-01
-3.7204e-06	-2.8600e-01
-3.7243e-06	-2.8500e-01
-3.7236e-06	-2.8400e-01
-3.7376e-06	-2.8300e-01
-3.7142e-06	-2.8200e-01
-3.7165e-06	-2.8100e-01
-3.7239e-06	-2.8000e-01
-3.7064e-06	-2.7900e-01
-3.7207e-06	-2.7800e-01
-3.7063e-06	-2.7700e-01
-3.6980e-06	-2.7600e-01
-3.7039e-06	-2.7500e-01
-3.7122e-06	-2.7400e-01
-3.6802e-06	-2.7300e-01
-3.6777e-06	-2.7200e-01
-3.6916e-06	-2.7100e-01
-3.6747e-06	-2.7000e-01
-3.6867e-06	-2.6900e-01
-3.6928e-06	-2.6800e-01
-3.6840e-06	-2.6700e-01
-3.6814e-06	-2.6600e-01
-3.6872e-06	-2.6500e-01
-3.6659e-06	-2.6400e-01
-3.6765e-06	-2.6300e-01
-3.6935e-06	-2.6200e-01
-3.6651e-06	-2.6100e-01
-3.6443e-06	-2.6000e-01
-3.6545e-06	-2.5900e-01
-3.6487e-06	-2.5800e-01
-3.6378e-06	-2.5700e-01
-3.6490e-06	-2.5600e-01
-3.6348e-06	-2.5500e-01
-3.6487e-06	-2.5400e-01
-3.6154e-06	-2.5300e-01
-3.6379e-06	-2.5200e-01
-3.6378e-06	-2.5100e-01
-3.6129e-06	-2.5000e-01
-3.6209e-06	-2.4900e-01
-3.6080e-06	-2.4800e-01
-3.5960e-06	-2.4700e-01
-3.6204e-06	-2.4600e-01
-3.5986e-06	-2.4500e-01
-3.6250e-06	-2.4400e-01
-3.6077e-06	-2.4300e-01
-3.6055e-06	-2.4200e-01
-3.5981e-06	-2.4100e-01
-3.5867e-06	-2.4000e-01
-3.5683e-06	-2.3900e-01
-3.5934e-06	-2.3800e-01
-3.5830e-06	-2.3700e-01
-3.5718e-06	-2.3600e-01
-3.5702e-06	-2.3500e-01
-3.5639e-06	-2.3400e-01
-3.5539e-06	-2.3300e-01
-3.5634e-06	-2.3200e-01
-3.5723e-06	-2.3100e-01
-3.5360e-06	-2.3000e-01
-3.5384e-06	-2.2900e-01
-3.5304e-06	-2.2800e-01
-3.5282e-06	-2.2700e-01
-3.5218e-06	-2.2600e-01
-3.5394e-06	-2.2500e-01
-3.5343e-06	-2.2400e-01
-3.5078e-06	-2.2300e-01
-3.5135e-06	-2.2200e-01
-3.4920e-06	-2.2100e-01
-3.5147e-06	-2.2000e-01
-3.4940e-06	-2.1900e-01
-3.4909e-06	-2.1800e-01
-3.4887e-06	-2.1700e-01
-3.4662e-06	-2.1600e-01
-3.4889e-06	-2.1500e-01
-3.4789e-06	-2.1400e-01
-3.4741e-06	-2.1300e-01
-3.4678e-06	-2.1200e-01
-3.4419e-06	-2.1100e-01
-3.4337e-06	-2.1000e-01
-3.4345e-06	-2.0900e-01
-3.4148e-06	-2.0800e-01
-3.4152e-06	-2.0700e-01
-3.4029e-06	-2.0600e-01
-3.4043e-06	-2.0500e-01
-3.4150e-06	-2.0400e-01
-3.4057e-06	-2.0300e-01
-3.3843e-06	-2.0200e-01
-3.3901e-06	-2.0100e-01
-3.3800e-06	-2.0000e-01
-3.3715e-06	-1.9900e-01
-3.3694e-06	-1.9800e-01
-3.3721e-06	-1.9700e-01
-3.3590e-06	-1.9600e-01
-3.3512e-06	-1.9500e-01
-3.3441e-06	-1.9400e-01
-3.3358e-06	-1.9300e-01
-3.3344e-06	-1.9200e-01
-3.3151e-06	-1.9100e-01
-3.3156e-06	-1.9000e-01
-3.3138e-06	-1.8900e-01
-3.3158e-06	-1.8800e-01
-3.3042e-06	-1.8700e-01
-3.2929e-06	-1.8600e-01
-3.2871e-06	-1.8500e-01
-3.3062e-06	-1.8400e-01
-3.2791e-06	-1.8300e-01
-3.2769e-06	-1.8200e-01
-3.2603e-06	-1.8100e-01
-3.2682e-06	-1.8000e-01
-3.2599e-06	-1.7900e-01
-3.2217e-06	-1.7800e-01
-3.2491e-06	-1.7700e-01
-3.2399e-06	-1.7600e-01
-3.2208e-06	-1.7500e-01
-3.2289e-06	-1.7400e-01
-3.2146e-06	-1.7300e-01
-3.2067e-06	-1.7200e-01
-3.2093e-06	-1.7100e-01
-3.1856e-06	-1.7000e-01
-3.1801e-06	-1.6900e-01
-3.1730e-06	-1.6800e-01
-3.1665e-06	-1.6700e-01
-3.1689e-06	-1.6600e-01
-3.1535e-06	-1.6500e-01
-3.1486e-06	-1.6400e-01
-3.1394e-06	-1.6300e-01
-3.1236e-06	-1.6200e-01
-3.1142e-06	-1.6100e-01
-3.1108e-06	-1.6000e-01
-3.1151e-06	-1.5900e-01
-3.0982e-06	-1.5800e-01
-3.0965e-06	-1.5700e-01
-3.0840e-06	-1.5600e-01
-3.0584e-06	-1.5500e-01
-3.0610e-06	-1.5400e-01
-3.0658e-06	-1.5300e-01
-3.0293e-06	-1.5200e-01
-3.0230e-06	-1.5100e-01
-3.0257e-06	-1.5000e-01
-3.0222e-06	-1.4900e-01
-2.9978e-06	-1.4800e-01
-3.0044e-06	-1.4700e-01
-2.9925e-06	-1.4600e-01
-2.9883e-06	-1.4500e-01
-2.9716e-06	-1.4400e-01
-2.9492e-06	-1.4300e-01
-2.9447e-06	-1.4200e-01
-2.9439e-06	-1.4100e-01
-2.9174e-06	-1.4000e-01
-2.9143e-06	-1.3900e-01
-2.9105e-06	-1.3800e-01
-2.9120e-06	-1.3700e-01
-2.8954e-06	-1.3600e-01
-2.8828e-06	-1.3500e-01
-2.8700e-06	-1.3400e-01
-2.8623e-06	-1.3300e-01
-2.8598e-06	-1.3200e-01
-2.8515e-06	-1.3100e-01
-2.8231e-06	-1.3000e-01
-2.8189e-06	-1.2900e-01
-2.8175e-06	-1.2800e-01
-2.8175e-06	-1.2700e-01
-2.7833e-06	-1.2600e-01
-2.7864e-06	-1.2500e-01
-2.7718e-06	-1.2400e-01
-2.7658e-06	-1.2300e-01
-2.7395e-06	-1.2200e-01
-2.7198e-06	-1.2100e-01
-2.7264e-06	-1.2000e-01
-2.7060e-06	-1.1900e-01
-2.7041e-06	-1.1800e-01
-2.6739e-06	-1.1700e-01
-2.6747e-06	-1.1600e-01
-2.6532e-06	-1.1500e-01
-2.6327e-06	-1.1400e-01
-2.6220e-06	-1.1300e-01
-2.6234e-06	-1.1200e-01
-2.6070e-06	-1.1100e-01
-2.5827e-06	-1.1000e-01
-2.5670e-06	-1.0900e-01
-2.5620e-06	-1.0800e-01
-2.5471e-06	-1.0700e-01
-2.5249e-06	-1.0600e-01
-2.5219e-06	-1.0500e-01
-2.5047e-06	-1.0400e-01
-2.4978e-06	-1.0300e-01
-2.4801e-06	-1.0200e-01
-2.4639e-06	-1.0100e-01
-2.4484e-06	-1.0000e-01
-2.4359e-06	-9.9000e-02
-2.4236e-06	-9.8000e-02
-2.4090e-06	-9.7000e-02
-2.3860e-06	-9.6000e-02
-2.3757e-06	-9.5000e-02
-2.3585e-06	-9.4000e-02
-2.3445e-06	-9.3000e-02
-2.3370e-06	-9.2000e-02
-2.3184e-06	-9.1000e-02
-2.3060e-06	-9.0000e-02
-2.2845e-06	-8.9000e-02
-2.2679e-06	-8.8000e-02
-2.2495e-06	-8.7000e-02
-2.2366e-06	-8.6000e-02
-2.2136e-06	-8.5000e-02
-2.1966e-06	-8.4000e-02
-2.1786e-06	-8.3000e-02
-2.1617e-06	-8.2000e-02
-2.1463e-06	-8.1000e-02
-2.1264e-06	-8.0000e-02
-2.1088e-06	-7.9000e-02
-2.0867e-06	-7.8000e-02
-2.0729e-06	-7.7000e-02
-2.0517e-06	-7.6000e-02
-2.0377e-06	-7.5000e-02
-2.0168e-06	-7.4000e-02
-1.9906e-06	-7.3000e-02
-1.9719e-06	-7.2000e-02
-1.9551e-06	-7.1000e-02
-1.9338e-06	-7.0000e-02
-1.9110e-06	-6.9000e-02
-1.8912e-06	-6.8000e-02
-1.8701e-06	-6.7000e-02
-1.8478e-06	-6.6000e-02
-1.8296e-06	-6.5000e-02
-1.8078e-06	-6.4000e-02
-1.7857e-06	-6.3000e-02
-1.7625e-06	-6.2000e-02
-1.7378e-06	-6.1000e-02
-1.7173e-06	-6.0000e-02
-1.6974e-06	-5.9000e-02
-1.6715e-06	-5.8000e-02
-1.6468e-06	-5.7000e-02
-1.6206e-06	-5.6000e-02
-1.5993e-06	-5.5000e-02
-1.5773e-06	-5.4000e-02
-1.5533e-06	-5.3000e-02
-1.5282e-06	-5.2000e-02
-1.5037e-06	-5.1000e-02
-1.4779e-06	-5.0000e-02
-1.4486e-06	-4.9000e-02
-1.4236e-06	-4.8000e-02
-1.3998e-06	-4.7000e-02
-1.3747e-06	-4.6000e-02
-1.3494e-06	-4.5000e-02
-1.3201e-06	-4.4000e-02
-1.2964e-06	-4.3000e-02
-1.2685e-06	-4.2000e-02
-1.2438e-06	-4.1000e-02
-1.2144e-06	-4.0000e-02
-1.1865e-06	-3.9000e-02
-1.1575e-06	-3.8000e-02
-1.1292e-06	-3.7000e-02
-1.1000e-06	-3.6000e-02
-1.0751e-06	-3.5000e-02
-1.0463e-06	-3.4000e-02
-1.0200e-06	-3.3000e-02
-9.9252e-07	-3.2000e-02
-9.6291e-07	-3.1000e-02
-9.3595e-07	-3.0000e-02
-9.0588e-07	-2.9000e-02
-8.7577e-07	-2.8000e-02
-8.4563e-07	-2.7000e-02
-8.1690e-07	-2.6000e-02
-7.8470e-07	-2.5000e-02
-7.5608e-07	-2.4000e-02
-7.2672e-07	-2.3000e-02
-6.9413e-07	-2.2000e-02
-6.6361e-07	-2.1000e-02
-6.3263e-07	-2.0000e-02
-6.0243e-07	-1.9000e-02
-5.7217e-07	-1.8000e-02
-5.4079e-07	-1.7000e-02
-5.0931e-07	-1.6000e-02
-4.7963e-07	-1.5000e-02
-4.4727e-07	-1.4000e-02
-4.1717e-07	-1.3000e-02
-3.8485e-07	-1.2000e-02
-3.5420e-07	-1.1000e-02
-3.2154e-07	-1.0000e-02
-2.8998e-07	-9.0000e-03
-2.5904e-07	-8.0000e-03
-2.2734e-07	-7.0000e-03
-1.9496e-07	-6.0000e-03
-1.6345e-07	-5.0000e-03
-1.3252e-07	-4.0000e-03
-1.0000e-07	-3.0000e-03
-6.7991e-08	-2.0000e-03
-3.5729e-08	-1.0000e-03
-3.5932e-09	0.0000e+00
2.7997e-08	1.0000e-03
6.0282e-08	2.0000e-03
9.2715e-08	3.0000e-03
1.2498e-07	4.0000e-03
1.5764e-07	5.0000e-03
1.8883e-07	6.0000e-03
2.2160e-07	7.0000e-03
2.5380e-07	8.0000e-03
2.8613e-07	9.0000e-03
3.1814e-07	1.0000e-02
3.5106e-07	1.1000e-02
3.8267e-07	1.2000e-02
4.1674e-07	1.3000e-02
4.4812e-07	1.4000e-02
4.7995e-07	1.5000e-02
5.1086e-07	1.6000e-02
5.4199e-07	1.7000e-02
5.7531e-07	1.8000e-02
6.0648e-07	1.9000e-02
6.3870e-07	2.0000e-02
6.7016e-07	2.1000e-02
7.0356e-07	2.2000e-02
7.3349e-07	2.3000e-02
7.6519e-07	2.4000e-02
7.9676e-07	2.5000e-02
8.2557e-07	2.6000e-02
8.5737e-07	2.7000e-02
8.8865e-07	2.8000e-02
9.1950e-07	2.9000e-02
9.5002e-07	3.0000e-02
9.8308e-07	3.1000e-02
1.0133e-06	3.2000e-02
1.0425e-06	3.3000e-02
1.0730e-06	3.4000e-02
1.1026e-06	3.5000e-02
1.1300e-06	3.6000e-02
1.1615e-06	3.7000e-02
1.1875e-06	3.8000e-02
1.2203e-06	3.9000e-02
1.2504e-06	4.0000e-02
1.2800e-06	4.1000e-02
1.3104e-06	4.2000e-02
1.3405e-06	4.3000e-02
1.3658e-06	4.4000e-02
1.3944e-06	4.5000e-02
1.4228e-06	4.6000e-02
1.4502e-06	4.7000e-02
1.4775e-06	4.8000e-02
1.5066e-06	4.9000e-02
1.5343e-06	5.0000e-02
1.5614e-06	5.1000e-02
1.5873e-06	5.2000e-02
1.6146e-06	5.3000e-02
1.6442e-06	5.4000e-02
1.6702e-06	5.5000e-02
1.6962e-06	5.6000e-02
1.7239e-06	5.7000e-02
1.7487e-06	5.8000e-02
1.7696e-06	5.9000e-02
1.7922e-06	6.0000e-02
1.8183e-06	6.1000e-02
1.8396e-06	6.2000e-02
1.8686e-06	6.3000e-02
1.8925e-06	6.4000e-02
1.9157e-06	6.5000e-02
1.9389e-06	6.6000e-02
1.9668e-06	6.7000e-02
1.9893e-06	6.8000e-02
2.0148e-06	6.9000e-02
2.0326e-06	7.0000e-02
2.0572e-06	7.1000e-02
2.0770e-06	7.2000e-02
2.0997e-06	7.3000e-02
2.1210e-06	7.4000e-02
2.1448e-06	7.5000e-02
2.1668e-06	7.6000e-02
2.1883e-06	7.7000e-02
2.2153e-06	7.8000e-02
2.2321e-06	7.9000e-02
2.2510e-06	8.0000e-02
2.2748e-06	8.1000e-02
2.2997e-06	8.2000e-02
2.3263e-06	8.3000e-02
2.3445e-06	8.4000e-02
2.3678e-06	8.5000e-02
2.3802e-06	8.6000e-02
2.4068e-06	8.7000e-02
2.4209e-06	8.8000e-02
2.4425e-06	8.9000e-02
2.4591e-06	9.0000e-02
2.4757e-06	9.1000e-02
2.4913e-06	9.2000e-02
2.5142e-06	9.3000e-02
2.5264e-06	9.4000e-02
2.5522e-06	9.5000e-02
2.5633e-06	9.6000e-02
2.5905e-06	9.7000e-02
2.6022e-06	9.8000e-02
2.6141e-06	9.9000e-02
2.6344e-06	1.0000e-01
2.6598e-06	1.0100e-01
2.6731e-06	1.0200e-01
2.6887e-06	1.0300e-01
2.7040e-06	1.0400e-01
2.7210e-06	1.0500e-01
2.7321e-06	1.0600e-01
2.7515e-06	1.0700e-01
2.7674e-06	1.0800e-01
2.7890e-06	1.0900e-01
2.7984e-06	1.1000e-01
2.8155e-06	1.1100e-01
2.8443e-06	1.1200e-01
2.8471e-06	1.1300e-01
2.8710e-06	1.1400e-01
2.8871e-06	1.1500e-01
2.9085e-06	1.1600e-01
2.9096e-06	1.1700e-01
2.9215e-06	1.1800e-01
2.9439e-06	1.1900e-01
2.9484e-06	1.2000e-01
2.9640e-06	1.2100e-01
2.9856e-06	1.2200e-01
2.9962e-06	1.2300e-01
3.0190e-06	1.2400e-01
3.0228e-06	1.2500e-01
3.0424e-06	1.2600e-01
3.0499e-06	1.2700e-01
3.0660e-06	1.2800e-01
3.0758e-06	1.2900e-01
3.0949e-06	1.3000e-01
3.1051e-06	1.3100e-01
3.1086e-06	1.3200e-01
3.1338e-06	1.3300e-01
3.1543e-06	1.3400e-01
3.1517e-06	1.3500e-01
3.1688e-06	1.3600e-01
3.1801e-06	1.3700e-01
3.1818e-06	1.3800e-01
3.2106e-06	1.3900e-01
3.2137e-06	1.4000e-01
3.2340e-06	1.4100e-01
3.2487e-06	1.4200e-01
3.2496e-06	1.4300e-01
3.2591e-06	1.4400e-01
3.2673e-06	1.4500e-01
3.2877e-06	1.4600e-01
3.3034e-06	1.4700e-01
3.2988e-06	1.4800e-01
3.3083e-06	1.4900e-01
3.3254e-06	1.5000e-01
3.3357e-06	1.5100e-01
3.3474e-06	1.5200e-01
3.3439e-06	1.5300e-01
3.3700e-06	1.5400e-01
3.3702e-06	1.5500e-01
3.3845e-06	1.5600e-01
3.3927e-06	1.5700e-01
3.4025e-06	1.5800e-01
3.4044e-06	1.5900e-01
3.4197e-06	1.6000e-01
3.4292e-06	1.6100e-01
3.4332e-06	1.6200e-01
3.4512e-06	1.6300e-01
3.4737e-06	1.6400e-01
3.4723e-06	1.6500e-01
3.4807e-06	1.6600e-01
3.4886e-06	1.6700e-01
3.5078e-06	1.6800e-01
3.5077e-06	1.6900e-01
3.5175e-06	1.7000e-01
3.5368e-06	1.7100e-01
3.5582e-06	1.7200e-01
3.5463e-06	1.7300e-01
3.5677e-06	1.7400e-01
3.5878e-06	1.7500e-01
3.5982e-06	1.7600e-01
3.6118e-06	1.7700e-01
3.6213e-06	1.7800e-01
3.6203e-06	1.7900e-01
3.6338e-06	1.8000e-01
3.6298e-06	1.8100e-01
3.6500e-06	1.8200e-01
3.6409e-06	1.8300e-01
3.6541e-06	1.8400e-01
3.6563e-06	1.8500e-01
3.6741e-06	1.8600e-01
3.6728e-06	1.8700e-01
3.6839e-06	1.8800e-01
3.7092e-06	1.8900e-01
3.7068e-06	1.9000e-01
3.7249e-06	1.9100e-01
3.7193e-06	1.9200e-01
3.7288e-06	1.9300e-01
3.7399e-06	1.9400e-01
3.7488e-06	1.9500e-01
3.7523e-06	1.9600e-01
3.7519e-06	1.9700e-01
3.7682e-06	1.9800e-01
3.7687e-06	1.9900e-01
3.7923e-06	2.0000e-01
3.8025e-06	2.0100e-01
3.7988e-06	2.0200e-01
3.8103e-06	2.0300e-01
3.8239e-06	2.0400e-01
3.8325e-06	2.0500e-01
3.8246e-06	2.0600e-01
3.8269e-06	2.0700e-01
3.8266e-06	2.0800e-01
3.8340e-06	2.0900e-01
3.8402e-06	2.1000e-01
3.8423e-06	2.1100e-01
3.8619e-06	2.1200e-01
3.8772e-06	2.1300e-01
3.8593e-06	2.1400e-01
3.8867e-06	2.1500e-01
3.8991e-06	2.1600e-01
3.9113e-06	2.1700e-01
3.8875e-06	2.1800e-01
3.8982e-06	2.1900e-01
3.8958e-06	2.2000e-01
3.9138e-06	2.2100e-01
3.9088e-06	2.2200e-01
3.9444e-06	2.2300e-01
3.9345e-06	2.2400e-01
3.9382e-06	2.2500e-01
3.9508e-06	2.2600e-01
3.9638e-06	2.2700e-01
3.9692e-06	2.2800e-01
3.9804e-06	2.2900e-01
4.0006e-06	2.3000e-01
3.9959e-06	2.3100e-01
3.9868e-06	2.3200e-01
4.0158e-06	2.3300e-01
4.0081e-06	2.3400e-01
4.0259e-06	2.3500e-01
4.0043e-06	2.3600e-01
4.0488e-06	2.3700e-01
4.0452e-06	2.3800e-01
4.0278e-06	2.3900e-01
4.0574e-06	2.4000e-01
4.0444e-06	2.4100e-01
4.0561e-06	2.4200e-01
4.0463e-06	2.4300e-01
4.0527e-06	2.4400e-01
4.0490e-06	2.4500e-01
4.0731e-06	2.4600e-01
4.0625e-06	2.4700e-01
4.0868e-06	2.4800e-01
4.0958e-06	2.4900e-01
4.0879e-06	2.5000e-01
4.1110e-06	2.5100e-01
4.1286e-06	2.5200e-01
4.1095e-06	2.5300e-01
4.1083e-06	2.5400e-01
4.1132e-06	2.5500e-01
4.1354e-06	2.5600e-01
4.1155e-06	2.5700e-01
4.1075e-06	2.5800e-01
4.1028e-06	2.5900e-01
4.1109e-06	2.6000e-01
4.1314e-06	2.6100e-01
4.1282e-06	2.6200e-01
4.1469e-06	2.6300e-01
4.1518e-06	2.6400e-01
4.1497e-06	2.6500e-01
4.1570e-06	2.6600e-01
4.1589e-06	2.6700e-01
4.1559e-06	2.6800e-01
4.1753e-06	2.6900e-01
4.1570e-06	2.7000e-01
4.1875e-06	2.7100e-01
4.1901e-06	2.7200e-01
4.1918e-06	2.7300e-01
4.1820e-06	2.7400e-01
4.1828e-06	2.7500e-01
4.2271e-06	2.7600e-01
4.2043e-06	2.7700e-01
4.2354e-06	2.7800e-01
4.2128e-06	2.7900e-01
4.2327e-06	2.8000e-01
4.2277e-06	2.8100e-01
4.2335e-06	2.8200e-01
4.2553e-06	2.8300e-01
4.2368e-06	2.8400e-01
4.2482e-06	2.8500e-01
4.2677e-06	2.8600e-01
4.2762e-06	2.8700e-01
4.2337e-06	2.8800e-01
4.2624e-06	2.8900e-01
4.2675e-06	2.9000e-01
4.2785e-06	2.9100e-01
4.2487e-06	2.9200e-01
4.2822e-06	2.9300e-01
4.2991e-06	2.9400e-01
4.3088e-06	2.9500e-01
4.3084e-06	2.9600e-01
4.3009e-06	2.9700e-01
4.3074e-06	2.9800e-01
4.3250e-06	2.9900e-01
4.3166e-06	3.0000e-01
4.3078e-06	3.0100e-01
4.3266e-06	3.0200e-01
4.3451e-06	3.0300e-01
4.3375e-06	3.0400e-01
4.3074e-06	3.0500e-01
4.3444e-06	3.0600e-01
4.3453e-06	3.0700e-01
4.3297e-06	3.0800e-01
4.3164e-06	3.0900e-01
4.3404e-06	3.1000e-01
4.3560e-06	3.1100e-01
4.3606e-06	3.1200e-01
4.3486e-06	3.1300e-01
4.3528e-06	3.1400e-01
4.3552e-06	3.1500e-01
4.3486e-06	3.1600e-01
4.3646e-06	3.1700e-01
4.3681e-06	3.1800e-01
4.3735e-06	3.1900e-01
4.3718e-06	3.2000e-01
4.3836e-06	3.2100e-01
4.3732e-06	3.2200e-01
4.3619e-06	3.2300e-01
4.3753e-06	3.2400e-01
4.3694e-06	3.2500e-01
4.3792e-06	3.2600e-01
4.3983e-06	3.2700e-01
4.4084e-06	3.2800e-01
4.4253e-06	3.2900e-01
4.4144e-06	3.3000e-01
4.4070e-06	3.3100e-01
4.4266e-06	3.3200e-01
4.3983e-06	3.3300e-01
4.4368e-06	3.3400e-01
4.4173e-06	3.3500e-01
4.4178e-06	3.3600e-01
4.4339e-06	3.3700e-01
4.4193e-06	3.3800e-01
4.4087e-06	3.3900e-01
4.4148e-06	3.4000e-01
4.4129e-06	3.4100e-01
4.4129e-06	3.4200e-01
4.4222e-06	3.4300e-01
4.4106e-06	3.4400e-01
4.4360e-06	3.4500e-01
4.4264e-06	3.4600e-01
4.4284e-06	3.4700e-01
4.4461e-06	3.4800e-01
4.4484e-06	3.4900e-01
4.4553e-06	3.5000e-01
4.4561e-06	3.5100e-01
4.4502e-06	3.5200e-01
4.4836e-06	3.5300e-01
4.4728e-06	3.5400e-01
4.4514e-06	3.5500e-01
4.4408e-06	3.5600e-01
4.4535e-06	3.5700e-01
4.4729e-06	3.5800e-01
4.4793e-06	3.5900e-01
4.4717e-06	3.6000e-01
4.4589e-06	3.6100e-01
4.4684e-06	3.6200e-01
4.4924e-06	3.6300e-01
4.4917e-06	3.6400e-01
4.4939e-06	3.6500e-01
4.4886e-06	3.6600e-01
4.4853e-06	3.6700e-01
4.4572e-06	3.6800e-01
4.4989e-06	3.6900e-01
4.4839e-06	3.7000e-01
4.4659e-06	3.7100e-01
4.4929e-06	3.7200e-01
4.4886e-06	3.7300e-01
4.5018e-06	3.7400e-01
4.4860e-06	3.7500e-01
4.4814e-06	3.7600e-01
4.5055e-06	3.7700e-01
4.5077e-06	3.7800e-01
4.5115e-06	3.7900e-01
4.5145e-06	3.8000e-01
4.5194e-06	3.8100e-01
4.5315e-06	3.8200e-01
4.4919e-06	3.8300e-01
4.4956e-06	3.8400e-01
4.4866e-06	3.8500e-01
4.4981e-06	3.8600e-01
4.5083e-06	3.8700e-01
4.5271e-06	3.8800e-01
4.5106e-06	3.8900e-01
4.5319e-06	3.9000e-01
4.5076e-06	3.9100e-01
4.5223e-06	3.9200e-01
4.5170e-06	3.9300e-01
4.5284e-06	3.9400e-01
4.5221e-06	3.9500e-01
4.4949e-06	3.9600e-01
4.5337e-06	3.9700e-01
4.5377e-06	3.9800e-01
4.5174e-06	3.9900e-01
4.5345e-06	4.0000e-01
4.5013e-06	4.0100e-01
4.5375e-06	4.0200e-01
4.5211e-06	4.0300e-01
4.5190e-06	4.0400e-01
4.5374e-06	4.0500e-01
4.5330e-06	4.0600e-01
4.5353e-06	4.0700e-01
4.5457e-06	4.0800e-01
4.5523e-06	4.0900e-01
4.5578e-06	4.1000e-01
4.5314e-06	4.1100e-01
4.5255e-06	4.1200e-01
4.5505e-06	4.1300e-01
4.5226e-06	4.1400e-01
4.5371e-06	4.1500e-01
4.5179e-06	4.1600e-01
4.5634e-06	4.1700e-01
4.5591e-06	4.1800e-01
4.5361e-06	4.1900e-01
4.5530e-06	4.2000e-01
4.5473e-06	4.2100e-01
4.5584e-06	4.2200e-01
4.5529e-06	4.2300e-01
4.5569e-06	4.2400e-01
4.5568e-06	4.2500e-01
4.5752e-06	4.2600e-01
4.5763e-06	4.2700e-01
4.5576e-06	4.2800e-01
4.5621e-06	4.2900e-01
4.5841e-06	4.3000e-01
4.5841e-06	4.3100e-01
4.5714e-06	4.3200e-01
4.5736e-06	4.3300e-01
4.5860e-06	4.3400e-01
4.5863e-06	4.3500e-01
4.5899e-06	4.3600e-01
4.5815e-06	4.3700e-01
4.5825e-06	4.3800e-01
4.5660e-06	4.3900e-01
4.5774e-06	4.4000e-01
4.5685e-06	4.4100e-01
4.5530e-06	4.4200e-01
4.5822e-06	4.4300e-01
4.5821e-06	4.4400e-01
4.5993e-06	4.4500e-01
4.6089e-06	4.4600e-01
4.5946e-06	4.4700e-01
4.5869e-06	4.4800e-01
4.5980e-06	4.4900e-01
4.6097e-06	4.5000e-01
4.6167e-06	4.5100e-01
4.6147e-06	4.5200e-01
4.6178e-06	4.5300e-01
4.6062e-06	4.5400e-01
4.5970e-06	4.5500e-01
4.6099e-06	4.5600e-01
4.6168e-06	4.5700e-01
4.6158e-06	4.5800e-01
4.6170e-06	4.5900e-01
4.6136e-06	4.6000e-01
4.6324e-06	4.6100e-01
4.6301e-06	4.6200e-01
4.6380e-06	4.6300e-01
4.6326e-06	4.6400e-01
4.6360e-06	4.6500e-01
4.6409e-06	4.6600e-01
4.6138e-06	4.6700e-01
4.6456e-06	4.6800e-01
4.6241e-06	4.6900e-01
4.6206e-06	4.7000e-01
4.6323e-06	4.7100e-01
4.6251e-06	4.7200e-01
4.6397e-06	4.7300e-01
4.6422e-06	4.7400e-01
4.6458e-06	4.7500e-01
4.6494e-06	4.7600e-01
4.6434e-06	4.7700e-01
4.6401e-06	4.7800e-01
4.6256e-06	4.7900e-01
4.6345e-06	4.8000e-01
4.6423e-06	4.8100e-01
4.6441e-06	4.8200e-01
4.6505e-06	4.8300e-01
4.6620e-06	4.8400e-01
4.6546e-06	4.8500e-01
4.6779e-06	4.8600e-01
4.6833e-06	4.8700e-01
4.6715e-06	4.8800e-01
4.6598e-06	4.8900e-01
4.6506e-06	4.9000e-01
4.6707e-06	4.9100e-01
4.6690e-06	4.9200e-01
4.6930e-06	4.9300e-01
4.7067e-06	4.9400e-01
4.6580e-06	4.9500e-01
4.6862e-06	4.9600e-01
4.7093e-06	4.9700e-01
4.7074e-06	4.9800e-01
4.6754e-06	4.9900e-01
4.7010e-06	5.0000e-01
4.6982e-06	5.0000e-01
4.6753e-06	4.9900e-01
4.6694e-06	4.9800e-01
4.6716e-06	4.9700e-01
4.6744e-06	4.9600e-01
4.6886e-06	4.9500e-01
4.6810e-06	4.9400e-01
4.6760e-06	4.9300e-01
4.6689e-06	4.9200e-01
4.6679e-06	4.9100e-01
4.6683e-06	4.9000e-01
4.6780e-06	4.8900e-01
4.6628e-06	4.8800e-01
4.6590e-06	4.8700e-01
4.6849e-06	4.8600e-01
4.6849e-06	4.8500e-01
4.6516e-06	4.8400e-01
4.6397e-06	4.8300e-01
4.6632e-06	4.8200e-01
4.6496e-06	4.8100e-01
4.6634e-06	4.8000e-01
4.6552e-06	4.7900e-01
4.6830e-06	4.7800e-01
4.6691e-06	4.7700e-01
4.6561e-06	4.7600e-01
4.6611e-06	4.7500e-01
4.6840e-06	4.7400e-01
4.7007e-06	4.7300e-01
4.6885e-06	4.7200e-01
4.6918e-06	4.7100e-01
4.6628e-06	4.7000e-01
4.6727e-06	4.6900e-01
4.6719e-06	4.6800e-01
4.6876e-06	4.6700e-01
4.6788e-06	4.6600e-01
4.6429e-06	4.6500e-01
4.6365e-06	4.6400e-01
4.6604e-06	4.6300e-01
4.6624e-06	4.6200e-01
4.6469e-06	4.6100e-01
4.6502e-06	4.6000e-01
4.6479e-06	4.5900e-01
4.6784e-06	4.5800e-01
4.6810e-06	4.5700e-01
4.6591e-06	4.5600e-01
4.6350e-06	4.5500e-01
4.6369e-06	4.5400e-01
4.6483e-06	4.5300e-01
4.6207e-06	4.5200e-01
4.6626e-06	4.5100e-01
4.6654e-06	4.5000e-01
4.6547e-06	4.4900e-01
4.6303e-06	4.4800e-01
4.6276e-06	4.4700e-01
4.6555e-06	4.4600e-01
4.6382e-06	4.4500e-01
4.6783e-06	4.4400e-01
4.6396e-06	4.4300e-01
4.6462e-06	4.4200e-01
4.6491e-06	4.4100e-01
4.6315e-06	4.4000e-01
4.6440e-06	4.3900e-01
4.6382e-06	4.3800e-01
4.6385e-06	4.3700e-01
4.6566e-06	4.3600e-01
4.6338e-06	4.3500e-01
4.6495e-06	4.3400e-01
4.6728e-06	4.3300e-01
4.6222e-06	4.3200e-01
4.6253e-06	4.3100e-01
4.6417e-06	4.3000e-01
4.6394e-06	4.2900e-01
4.6385e-06	4.2800e-01
4.6475e-06	4.2700e-01
4.6463e-06	4.2600e-01
4.6555e-06	4.2500e-01
4.6500e-06	4.2400e-01
4.6154e-06	4.2300e-01
4.6270e-06	4.2200e-01
4.6150e-06	4.2100e-01
4.6297e-06	4.2000e-01
4.6250e-06	4.1900e-01
4.6290e-06	4.1800e-01
4.6145e-06	4.1700e-01
4.6145e-06	4.1600e-01
4.6120e-06	4.1500e-01
4.6175e-06	4.1400e-01
4.6358e-06	4.1300e-01
4.6328e-06	4.1200e-01
4.6228e-06	4.1100e-01
4.5960e-06	4.1000e-01
4.5954e-06	4.0900e-01
4.6118e-06	4.0800e-01
4.6157e-06	4.0700e-01
4.5892e-06	4.0600e-01
4.5790e-06	4.0500e-01
4.5922e-06	4.0400e-01
4.5589e-06	4.0300e-01
4.5708e-06	4.0200e-01
4.5900e-06	4.0100e-01
4.5899e-06	4.0000e-01
4.5840e-06	3.9900e-01
4.5893e-06	3.9800e-01
4.5692e-06	3.9700e-01
4.5656e-06	3.9600e-01
4.5713e-06	3.9500e-01
4.5590e-06	3.9400e-01
4.5879e-06	3.9300e-01
4.5842e-06	3.9200e-01
4.5728e-06	3.9100e-01
4.5519e-06	3.9000e-01
4.5546e-06	3.8900e-01
4.5702e-06	3.8800e-01
4.5536e-06	3.8700e-01
4.5510e-06	3.8600e-01
4.5609e-06	3.8500e-01
4.5567e-06	3.8400e-01
4.5447e-06	3.8300e-01
4.5407e-06	3.8200e-01
4.5100e-06	3.8100e-01
4.5364e-06	3.8000e-01
4.5304e-06	3.7900e-01
4.5544e-06	3.7800e-01
4.4947e-06	3.7700e-01
4.5021e-06	3.7600e-01
4.4918e-06	3.7500e-01
4.5216e-06	3.7400e-01
4.5142e-06	3.7300e-01
4.5224e-06	3.7200e-01
4.5223e-06	3.7100e-01
4.5251e-06	3.7000e-01
4.5103e-06	3.6900e-01
4.5063e-06	3.6800e-01
4.5001e-06	3.6700e-01
4.5111e-06	3.6600e-01
4.5103e-06	3.6500e-01
4.5074e-06	3.6400e-01
4.5092e-06	3.6300e-01
4.5231e-06	3.6200e-01
4.4926e-06	3.6100e-01
4.5026e-06	3.6000e-01
4.5063e-06	3.5900e-01
4.5122e-06	3.5800e-01
4.4875e-06	3.5700e-01
4.4777e-06	3.5600e-01
4.4942e-06	3.5500e-01
4.4942e-06	3.5400e-01
4.4906e-06	3.5300e-01
4.5013e-06	3.5200e-01
4.4745e-06	3.5100e-01
4.4883e-06	3.5000e-01
4.4768e-06	3.4900e-01
4.4840e-06	3.4800e-01
4.4692e-06	3.4700e-01
4.4586e-06	3.4600e-01
4.4770e-06	3.4500e-01
4.4764e-06	3.4400e-01
4.4796e-06	3.4300e-01
4.5042e-06	3.4200e-01
4.4967e-06	3.4100e-01
4.4625e-06	3.4000e-01
4.4951e-06	3.3900e-01
4.4866e-06	3.3800e-01
4.4883e-06	3.3700e-01
4.4787e-06	3.3600e-01
4.4869e-06	3.3500e-01
4.4511e-06	3.3400e-01
4.4692e-06	3.3300e-01
4.4678e-06	3.3200e-01
4.4562e-06	3.3100e-01
4.4711e-06	3.3000e-01
4.4550e-06	3.2900e-01
4.4593e-06	3.2800e-01
4.4434e-06	3.2700e-01
4.4443e-06	3.2600e-01
4.4704e-06	3.2500e-01
4.4323e-06	3.2400e-01
4.4308e-06	3.2300e-01
4.4414e-06	3.2200e-01
4.4392e-06	3.2100e-01
4.4393e-06	3.2000e-01
4.4441e-06	3.1900e-01
4.4364e-06	3.1800e-01
4.4442e-06	3.1700e-01
4.4474e-06	3.1600e-01
4.4488e-06	3.1500e-01
4.4327e-06	3.1400e-01
4.4291e-06	3.1300e-01
4.4282e-06	3.1200e-01
4.4355e-06	3.1100e-01
4.4121e-06	3.1000e-01
4.4072e-06	3.0900e-01
4.4141e-06	3.0800e-01
4.4118e-06	3.0700e-01
4.3915e-06	3.0600e-01
4.3910e-06	3.0500e-01
4.3863e-06	3.0400e-01
4.3816e-06	3.0300e-01
4.3864e-06	3.0200e-01
4.3668e-06	3.0100e-01
4.3748e-06	3.0000e-01
4.3813e-06	2.9900e-01
4.3724e-06	2.9800e-01
4.3590e-06	2.9700e-01
4.3511e-06	2.9600e-01
4.3502e-06	2.9500e-01
4.3454e-06	2.9400e-01
4.3737e-06	2.9300e-01
4.3701e-06	2.9200e-01
4.3655e-06	2.9100e-01
4.3637e-06	2.9000e-01
4.3642e-06	2.8900e-01
4.3378e-06	2.8800e-01
4.3581e-06	2.8700e-01
4.3551e-06	2.8600e-01
4.3625e-06	2.8500e-01
4.3469e-06	2.8400e-01
4.3319e-06	2.8300e-01
4.3270e-06	2.8200e-01
4.3197e-06	2.8100e-01
4.3222e-06	2.8000e-01
4.3243e-06	2.7900e-01
4.3071e-06	2.7800e-01
4.3030e-06	2.7700e-01
4.3106e-06	2.7600e-01
4.3183e-06	2.7500e-01
4.3024e-06	2.7400e-01
4.3154e-06	2.7300e-01
4.3057e-06	2.7200e-01
4.2732e-06	2.7100e-01
4.2927e-06	2.7000e-01
4.2649e-06	2.6900e-01
4.2758e-06	2.6800e-01
4.2610e-06	2.6700e-01
4.2542e-06	2.6600e-01
4.2481e-06	2.6500e-01
4.2509e-06	2.6400e-01
4.2411e-06	2.6300e-01
4.2494e-06	2.6200e-01
4.2408e-06	2.6100e-01
4.2301e-06	2.6000e-01
4.2076e-06	2.5900e-01
4.2157e-06	2.5800e-01
4.2080e-06	2.5700e-01
4.2100e-06	2.5600e-01
4.2203e-06	2.5500e-01
4.2180e-06	2.5400e-01
4.1986e-06	2.5300e-01
4.1920e-06	2.5200e-01
4.1740e-06	2.5100e-01
4.1808e-06	2.5000e-01
4.1739e-06	2.4900e-01
4.1486e-06	2.4800e-01
4.1560e-06	2.4700e-01
4.1641e-06	2.4600e-01
4.1569e-06	2.4500e-01
4.1481e-06	2.4400e-01
4.1338e-06	2.4300e-01
4.1209e-06	2.4200e-01
4.1236e-06	2.4100e-01
4.1290e-06	2.4000e-01
4.1158e-06	2.3900e-01
4.1136e-06	2.3800e-01
4.1175e-06	2.3700e-01
4.0866e-06	2.3600e-01
4.0948e-06	2.3500e-01
4.0861e-06	2.3400e-01
4.0663e-06	2.3300e-01
4.0723e-06	2.3200e-01
4.0937e-06	2.3100e-01
4.0677e-06	2.3000e-01
4.0431e-06	2.2900e-01
4.0297e-06	2.2800e-01
4.0236e-06	2.2700e-01
4.0101e-06	2.2600e-01
4.0148e-06	2.2500e-01
3.9973e-06	2.2400e-01
3.9974e-06	2.2300e-01
3.9849e-06	2.2200e-01
3.9904e-06	2.2100e-01
3.9998e-06	2.2000e-01
3.9843e-06	2.1900e-01
3.9711e-06	2.1800e-01
3.9625e-06	2.1700e-01
3.9709e-06	2.1600e-01
3.9608e-06	2.1500e-01
3.9447e-06	2.1400e-01
3.9245e-06	2.1300e-01
3.9357e-06	2.1200e-01
3.9320e-06	2.1100e-01
3.9155e-06	2.1000e-01
3.9078e-06	2.0900e-01
3.8960e-06	2.0800e-01
3.8928e-06	2.0700e-01
3.9025e-06	2.0600e-01
3.8897e-06	2.0500e-01
3.8867e-06	2.0400e-01
3.8714e-06	2.0300e-01
3.8696e-06	2.0200e-01
3.8445e-06	2.0100e-01
3.8673e-06	2.0000e-01
3.8516e-06	1.9900e-01
3.8338e-06	1.9800e-01
3.8490e-06	1.9700e-01
3.8139e-06	1.9600e-01
3.8289e-06	1.9500e-01
3.8236e-06	1.9400e-01
3.8085e-06	1.9300e-01
3.7882e-06	1.9200e-01
3.7946e-06	1.9100e-01
3.7757e-06	1.9000e-01
3.7639e-06	1.8900e-01
3.7761e-06	1.8800e-01
3.7598e-06	1.8700e-01
3.7383e-06	1.8600e-01
3.7278e-06	1.8500e-01
3.7217e-06	1.8400e-01
3.7063e-06	1.8300e-01
3.7102e-06	1.8200e-01
3.6958e-06	1.8100e-01
3.6772e-06	1.8000e-01
3.6613e-06	1.7900e-01
3.6824e-06	1.7800e-01
3.6772e-06	1.7700e-01
3.6475e-06	1.7600e-01
3.6538e-06	1.7500e-01
3.6474e-06	1.7400e-01
3.6296e-06	1.7300e-01
3.6261e-06	1.7200e-01
3.6177e-06	1.7100e-01
3.6154e-06	1.7000e-01
3.5912e-06	1.6900e-01
3.5802e-06	1.6800e-01
3.5772e-06	1.6700e-01
3.5644e-06	1.6600e-01
3.5606e-06	1.6500e-01
3.5447e-06	1.6400e-01
3.5387e-06	1.6300e-01
3.5254e-06	1.6200e-01
3.5192e-06	1.6100e-01
3.5010e-06	1.6000e-01
3.4963e-06	1.5900e-01
3.4862e-06	1.5800e-01
3.4793e-06	1.5700e-01
3.4683e-06	1.5600e-01
3.4421e-06	1.5500e-01
3.4342e-06	1.5400e-01
3.4331e-06	1.5300e-01
3.4182e-06	1.5200e-01
3.4000e-06	1.5100e-01
3.3961e-06	1.5000e-01
3.3870e-06	1.4900e-01
3.3636e-06	1.4800e-01
3.3612e-06	1.4700e-01
3.3485e-06	1.4600e-01
3.3293e-06	1.4500e-01
3.3119e-06	1.4400e-01
3.2986e-06	1.4300e-01
3.2834e-06	1.4200e-01
3.2797e-06	1.4100e-01
3.2811e-06	1.4000e-01
3.2653e-06	1.3900e-01
3.2470e-06	1.3800e-01
3.2423e-06	1.3700e-01
3.2303e-06	1.3600e-01
3.2150e-06	1.3500e-01
3.2085e-06	1.3400e-01
3.1828e-06	1.3300e-01
3.1679e-06	1.3200e-01
3.1585e-06	1.3100e-01
3.1569e-06	1.3000e-01
3.1361e-06	1.2900e-01
3.1316e-06	1.2800e-01
3.1088e-06	1.2700e-01
3.0811e-06	1.2600e-01
3.0809e-06	1.2500e-01
3.0681e-06	1.2400e-01
3.0562e-06	1.2300e-01
3.0358e-06	1.2200e-01
3.0186e-06	1.2100e-01
3.0075e-06	1.2000e-01
2.9952e-06	1.1900e-01
2.9753e-06	1.1800e-01
2.9618e-06	1.1700e-01
2.9458e-06	1.1600e-01
2.9264e-06	1.1500e-01
2.9099e-06	1.1400e-01
2.8998e-06	1.1300e-01
2.8884e-06	1.1200e-01
2.8796e-06	1.1100e-01
2.8453e-06	1.1000e-01
2.8216e-06	1.0900e-01
2.8149e-06	1.0800e-01
2.7975e-06	1.0700e-01
2.7853e-06	1.0600e-01
2.7655e-06	1.0500e-01
2.7471e-06	1.0400e-01
2.7353e-06	1.0300e-01
2.7100e-06	1.0200e-01
2.6962e-06	1.0100e-01
2.6843e-06	1.0000e-01
2.6592e-06	9.9000e-02
2.6447e-06	9.8000e-02
2.6189e-06	9.7000e-02
2.6085e-06	9.6000e-02
2.5880e-06	9.5000e-02
2.5666e-06	9.4000e-02
2.5477e-06	9.3000e-02
2.5318e-06	9.2000e-02
2.5097e-06	9.1000e-02
2.4982e-06	9.0000e-02
2.4745e-06	8.9000e-02
2.4656e-06	8.8000e-02
2.4333e-06	8.7000e-02
2.4194e-06	8.6000e-02
2.3936e-06	8.5000e-02
2.3732e-06	8.4000e-02
2.3630e-06	8.3000e-02
2.3331e-06	8.2000e-02
2.3124e-06	8.1000e-02
2.2856e-06	8.0000e-02
2.2674e-06	7.9000e-02
2.2407e-06	7.8000e-02
2.2175e-06	7.7000e-02
2.1984e-06	7.6000e-02
2.1733e-06	7.5000e-02
2.1572e-06	7.4000e-02
2.1321e-06	7.3000e-02
2.1081e-06	7.2000e-02
2.0853e-06	7.1000e-02
2.0641e-06	7.0000e-02
2.0379e-06	6.9000e-02
2.0107e-06	6.8000e-02
1.9855e-06	6.7000e-02
1.9634e-06	6.6000e-02
1.9432e-06	6.5000e-02
1.9130e-06	6.4000e-02
1.8926e-06	6.3000e-02
1.8625e-06	6.2000e-02
1.8378e-06	6.1000e-02
1.8165e-06	6.0000e-02
1.7904e-06	5.9000e-02
1.7616e-06	5.8000e-02
1.7323e-06	5.7000e-02
1.7031e-06	5.6000e-02
1.6785e-06	5.5000e-02
1.6536e-06	5.4000e-02
1.6285e-06	5.3000e-02
1.6025e-06	5.2000e-02
1.5726e-06	5.1000e-02
1.5439e-06	5.0000e-02
1.5177e-06	4.9000e-02
1.4879e-06	4.8000e-02
1.4623e-06	4.7000e-02
1.4304e-06	4.6000e-02
1.4016e-06	4.5000e-02
1.3747e-06	4.4000e-02
1.3431e-06	4.3000e-02
1.3170e-06	4.2000e-02
1.2869e-06	4.1000e-02
1.2583e-06	4.0000e-02
1.2279e-06	3.9000e-02
1.1990e-06	3.8000e-02
1.1653e-06	3.7000e-02
1.1387e-06	3.6000e-02
1.1109e-06	3.5000e-02
1.0765e-06	3.4000e-02
1.0460e-06	3.3000e-02
1.0158e-06	3.2000e-02
9.8561e-07	3.1000e-02
9.5418e-07	3.0000e-02
9.2344e-07	2.9000e-02
8.9058e-07	2.8000e-02
8.5969e-07	2.7000e-02
8.2866e-07	2.6000e-02
7.9655e-07	2.5000e-02
7.6729e-07	2.4000e-02
7.3564e-07	2.3000e-02
7.0434e-07	2.2000e-02
6.7311e-07	2.1000e-02
6.4175e-07	2.0000e-02
6.0877e-07	1.9000e-02
5.7788e-07	1.8000e-02
5.4601e-07	1.7000e-02
5.1267e-07	1.6000e-02
4.8119e-07	1.5000e-02
4.4945e-07	1.4000e-02
4.1624e-07	1.3000e-02
3.8366e-07	1.2000e-02
3.5100e-07	1.1000e-02
3.1879e-07	1.0000e-02
2.8693e-07	9.0000e-03
2.5439e-07	8.0000e-03
2.2110e-07	7.0000e-03
1.8955e-07	6.0000e-03
1.5750e-07	5.0000e-03
1.2534e-07	4.0000e-03
9.2609e-08	3.0000e-03
6.0640e-08	2.0000e-03
2.8123e-08	1.0000e-03
-3.4459e-09	0.0000e+00
-3.5540e-08	-1.0000e-03
-6.7844e-08	-2.0000e-03
-1.0013e-07	-3.0000e-03
-1.3197e-07	-4.0000e-03
-1.6318e-07	-5.0000e-03
-1.9515e-07	-6.0000e-03
-2.2671e-07	-7.0000e-03
-2.5889e-07	-8.0000e-03
-2.9136e-07	-9.0000e-03
-3.2243e-07	-1.0000e-02
-3.5433e-07	-1.1000e-02
-3.8653e-07	-1.2000e-02
-4.1829e-07	-1.3000e-02
-4.4882e-07	-1.4000e-02
-4.7869e-07	-1.5000e-02
-5.0893e-07	-1.6000e-02
-5.4180e-07	-1.7000e-02
-5.7084e-07	-1.8000e-02
-6.0268e-07	-1.9000e-02
-6.3244e-07	-2.0000e-02
-6.6365e-07	-2.1000e-02
-6.9431e-07	-2.2000e-02
-7.2456e-07	-2.3000e-02
-7.5330e-07	-2.4000e-02
-7.8262e-07	-2.5000e-02
-8.1265e-07	-2.6000e-02
-8.4315e-07	-2.7000e-02
-8.7362e-07	-2.8000e-02
-9.0117e-07	-2.9000e-02
-9.3179e-07	-3.0000e-02
-9.6047e-07	-3.1000e-02
-9.9002e-07	-3.2000e-02
-1.0155e-06	-3.3000e-02
-1.0435e-06	-3.4000e-02
-1.0725e-06	-3.5000e-02
-1.0996e-06	-3.6000e-02
-1.1255e-06	-3.7000e-02
-1.1543e-06	-3.8000e-02
-1.1803e-06	-3.9000e-02
-1.2106e-06	-4.0000e-02
-1.2388e-06	-4.1000e-02
-1.2626e-06	-4.2000e-02
-1.2924e-06	-4.3000e-02
-1.3171e-06	-4.4000e-02
-1.3410e-06	-4.5000e-02
-1.3665e-06	-4.6000e-02
-1.3941e-06	-4.7000e-02
-1.4202e-06	-4.8000e-02
-1.4457e-06	-4.9000e-02
-1.4715e-06	-5.0000e-02
-1.4957e-06	-5.1000e-02
-1.5175e-06	-5.2000e-02
-1.5429e-06	-5.3000e-02
-1.5674e-06	-5.4000e-02
-1.5936e-06	-5.5000e-02
-1.6166e-06	-5.6000e-02
-1.6375e-06	-5.7000e-02
-1.6579e-06	-5.8000e-02
-1.6788e-06	-5.9000e-02
-1.7002e-06	-6.0000e-02
-1.7238e-06	-6.1000e-02
-1.7479e-06	-6.2000e-02
-1.7664e-06	-6.3000e-02
-1.7885e-06	-6.4000e-02
-1.8092e-06	-6.5000e-02
-1.8371e-06	-6.6000e-02
-1.8576e-06	-6.7000e-02
-1.8761e-06	-6.8000e-02
-1.8958e-06	-6.9000e-02
-1.9160e-06	-7.0000e-02
-1.9327e-06	-7.1000e-02
-1.9626e-06	-7.2000e-02
-1.9700e-06	-7.3000e-02
-1.9871e-06	-7.4000e-02
-2.0080e-06	-7.5000e-02
-2.0312e-06	-7.6000e-02
-2.0557e-06	-7.7000e-02
-2.0674e-06	-7.8000e-02
-2.0971e-06	-7.9000e-02
-2.1150e-06	-8.0000e-02
-2.1281e-06	-8.1000e-02
-2.1478e-06	-8.2000e-02
-2.1601e-06	-8.3000e-02
-2.1767e-06	-8.4000e-02
-2.1904e-06	-8.5000e-02
-2.2163e-06	-8.6000e-02
-2.2272e-06	-8.7000e-02
-2.2527e-06	-8.8000e-02
-2.2700e-06	-8.9000e-02
-2.2805e-06	-9.0000e-02
-2.2921e-06	-9.1000e-02
-2.3092e-06	-9.2000e-02
-2.3255e-06	-9.3000e-02
-2.3427e-06	-9.4000e-02
-2.3559e-06	-9.5000e-02
-2.3831e-06	-9.6000e-02
-2.3830e-06	-9.7000e-02
-2.3980e-06	-9.8000e-02
-2.4039e-06	-9.9000e-02
-2.4231e-06	-1.0000e-01
-2.4399e-06	-1.0100e-01
-2.4571e-06	-1.0200e-01
-2.4682e-06	-1.0300e-01
-2.4842e-06	-1.0400e-01
-2.4978e-06	-1.0500e-01
-2.5026e-06	-1.0600e-01
-2.5203e-06	-1.0700e-01
-2.5365e-06	-1.0800e-01
-2.5522e-06	-1.0900e-01
-2.5535e-06	-1.1000e-01
-2.5755e-06	-1.1100e-01
-2.5950e-06	-1.1200e-01
-2.5924e-06	-1.1300e-01
-2.6124e-06	-1.1400e-01
-2.6247e-06	-1.1500e-01
-2.6370e-06	-1.1600e-01
-2.6533e-06	-1.1700e-01
-2.6609e-06	-1.1800e-01
-2.6875e-06	-1.1900e-01
-2.6841e-06	-1.2000e-01
-2.7016e-06	-1.2100e-01
-2.7062e-06	-1.2200e-01
-2.7200e-06	-1.2300e-01
-2.7438e-06	-1.2400e-01
-2.7548e-06	-1.2500e-01
-2.7694e-06	-1.2600e-01
-2.7675e-06	-1.2700e-01
-2.7846e-06	-1.2800e-01
-2.7870e-06	-1.2900e-01
-2.8003e-06	-1.3000e-01
-2.8174e-06	-1.3100e-01
-2.8181e-06	-1.3200e-01
-2.8252e-06	-1.3300e-01
-2.8442e-06	-1.3400e-01
-2.8476e-06	-1.3500e-01
-2.8609e-06	-1.3600e-01
-2.8866e-06	-1.3700e-01
-2.8893e-06	-1.3800e-01
-2.8962e-06	-1.3900e-01
-2.8983e-06	-1.4000e-01
-2.9071e-06	-1.4100e-01
-2.9171e-06	-1.4200e-01
-2.9273e-06	-1.4300e-01
-2.9363e-06	-1.4400e-01
-2.9535e-06	-1.4500e-01
-2.9524e-06	-1.4600e-01
-2.9658e-06	-1.4700e-01
-2.9843e-06	-1.4800e-01
-2.9903e-06	-1.4900e-01
-2.9804e-06	-1.5000e-01
-3.0174e-06	-1.5100e-01
-3.0108e-06	-1.5200e-01
-3.0113e-06	-1.5300e-01
-3.0257e-06	-1.5400e-01
-3.0311e-06	-1.5500e-01
-3.0449e-06	-1.5600e-01
-3.0574e-06	-1.5700e-01
-3.0591e-06	-1.5800e-01
-3.0704e-06	-1.5900e-01
-3.0881e-06	-1.6000e-01
-3.0988e-06	-1.6100e-01
-3.0778e-06	-1.6200e-01
-3.1012e-06	-1.6300e-01
-3.1154e-06	-1.6400e-01
-3.1224e-06	-1.6500e-01
-3.1060e-06	-1.6600e-01
-3.1431e-06	-1.6700e-01
-3.1430e-06	-1.6800e-01
-3.1536e-06	-1.6900e-01
-3.1688e-06	-1.7000e-01
-3.1738e-06	-1.7100e-01
-3.1900e-06	-1.7200e-01
-3.1780e-06	-1.7300e-01
-3.1889e-06	-1.7400e-01
-3.1987e-06	-1.7500e-01
-3.1952e-06	-1.7600e-01
-3.2032e-06	-1.7700e-01
-3.2241e-06	-1.7800e-01
-3.2296e-06	-1.7900e-01
-3.2266e-06	-1.8000e-01
-3.2354e-06	-1.8100e-01
-3.2503e-06	-1.8200e-01
-3.2547e-06	-1.8300e-01
-3.2553e-06	-1.8400e-01
-3.2430e-06	-1.8500e-01
-3.2783e-06	-1.8600e-01
-3.2859e-06	-1.8700e-01
-3.2959e-06	-1.8800e-01
-3.3001e-06	-1.8900e-01
-3.3202e-06	-1.9000e-01
-3.3119e-06	-1.9100e-01
-3.3159e-06	-1.9200e-01
-3.3235e-06	-1.9300e-01
-3.3201e-06	-1.9400e-01
-3.3174e-06	-1.9500e-01
-3.3087e-06	-1.9600e-01
-3.3237e-06	-1.9700e-01
-3.3528e-06	-1.9800e-01
-3.3577e-06	-1.9900e-01
-3.3614e-06	-2.0000e-01
-3.3668e-06	-2.0100e-01
-3.3787e-06	-2.0200e-01
-3.3610e-06	-2.0300e-01
-3.3681e-06	-2.0400e-01
-3.3681e-06	-2.0500e-01
-3.3904e-06	-2.0600e-01
-3.4077e-06	-2.0700e-01
-3.4193e-06	-2.0800e-01
-3.4040e-06	-2.0900e-01
-3.4247e-06	-2.1000e-01
-3.4229e-06	-2.1100e-01
-3.4018e-06	-2.1200e-01
-3.4258e-06	-2.1300e-01
-3.4302e-06	-2.1400e-01
-3.4435e-06	-2.1500e-01
-3.4343e-06	-2.1600e-01
-3.4637e-06	-2.1700e-01
-3.4888e-06	-2.1800e-01
-3.4606e-06	-2.1900e-01
-3.4589e-06	-2.2000e-01
-3.4458e-06	-2.2100e-01
-3.4815e-06	-2.2200e-01
-3.4623e-06	-2.2300e-01
-3.4730e-06	-2.2400e-01
-3.4931e-06	-2.2500e-01
-3.4735e-06	-2.2600e-01
-3.4886e-06	-2.2700e-01
-3.4900e-06	-2.2800e-01
-3.5102e-06	-2.2900e-01
-3.5007e-06	-2.3000e-01
-3.5176e-06	-2.3100e-01
-3.5190e-06	-2.3200e-01
-3.5249e-06	-2.3300e-01
-3.5308e-06	-2.3400e-01
-3.5461e-06	-2.3500e-01
-3.5631e-06	-2.3600e-01
-3.5516e-06	-2.3700e-01
-3.5561e-06	-2.3800e-01
-3.5599e-06	-2.3900e-01
-3.5485e-06	-2.4000e-01
-3.5652e-06	-2.4100e-01
-3.5491e-06	-2.4200e-01
-3.5680e-06	-2.4300e-01
-3.5609e-06	-2.4400e-01
-3.5708e-06	-2.4500e-01
-3.5734e-06	-2.4600e-01
-3.5815e-06	-2.4700e-01
-3.5800e-06	-2.4800e-01
-3.5991e-06	-2.4900e-01
-3.5953e-06	-2.5000e-01
-3.5964e-06	-2.5100e-01
-3.6042e-06	-2.5200e-01
-3.6065e-06	-2.5300e-01
-3.6038e-06	-2.5400e-01
-3.6232e-06	-2.5500e-01
-3.6216e-06	-2.5600e-01
-3.6313e-06	-2.5700e-01
-3.6297e-06	-2.5800e-01
-3.6202e-06	-2.5900e-01
-3.6283e-06	-2.6000e-01
-3.6340e-06	-2.6100e-01
-3.6559e-06	-2.6200e-01
-3.6475e-06	-2.6300e-01
-3.6582e-06	-2.6400e-01
-3.6724e-06	-2.6500e-01
-3.6449e-06	-2.6600e-01
-3.6633e-06	-2.6700e-01
-3.6434e-06	-2.6800e-01
-3.6581e-06	-2.6900e-01
-3.6591e-06	-2.7000e-01
-3.6540e-06	-2.7100e-01
-3.6690e-06	-2.7200e-01
-3.7167e-06	-2.7300e-01
-3.7049e-06	-2.7400e-01
-3.6686e-06	-2.7500e-01
-3.6915e-06	-2.7600e-01
-3.6908e-06	-2.7700e-01
-3.6748e-06	-2.7800e-01
-3.6992e-06	-2.7900e-01
-3.6802e-06	-2.8000e-01
-3.6955e-06	-2.8100e-01
-3.6802e-06	-2.8200e-01
-3.6756e-06	-2.8300e-01
-3.6875e-06	-2.8400e-01
-3.6977e-06	-2.8500e-01
-3.7084e-06	-2.8600e-01
-3.7034e-06	-2.8700e-01
-3.7011e-06	-2.8800e-01
-3.7036e-06	-2.8900e-01
-3.7128e-06	-2.9000e-01
-3.7056e-06	-2.9100e-01
-3.6896e-06	-2.9200e-01
-3.7384e-06	-2.9300e-01
-3.7219e-06	-2.9400e-01
-3.7068e-06	-2.9500e-01
-3.7222e-06	-2.9600e-01
-3.7218e-06	-2.9700e-01
-3.7420e-06	-2.9800e-01
-3.7371e-06	-2.9900e-01
-3.7472e-06	-3.0000e-01
-3.7546e-06	-3.0100e-01
-3.7601e-06	-3.0200e-01
-3.7708e-06	-3.0300e-01
-3.7686e-06	-3.0400e-01
-3.7763e-06	-3.0500e-01
-3.7676e-06	-3.0600e-01
-3.7755e-06	-3.0700e-01
-3.7482e-06	-3.0800e-01
-3.7649e-06	-3.0900e-01
-3.7838e-06	-3.1000e-01
-3.7898e-06	-3.1100e-01
-3.7902e-06	-3.1200e-01
-3.7758e-06	-3.1300e-01
-3.7538e-06	-3.1400e-01
-3.7842e-06	-3.1500e-01
-3.7733e-06	-3.1600e-01
-3.8125e-06	-3.1700e-01
-3.8387e-06	-3.1800e-01
-3.8068e-06	-3.1900e-01
-3.7912e-06	-3.2000e-01
-3.8269e-06	-3.2100e-01
-3.8007e-06	-3.2200e-01
-3.8248e-06	-3.2300e-01
-3.8183e-06	-3.2400e-01
-3.8155e-06	-3.2500e-01
-3.8088e-06	-3.2600e-01
-3.8161e-06	-3.2700e-01
-3.8090e-06	-3.2800e-01
-3.8336e-06	-3.2900e-01
-3.8097e-06	-3.3000e-01
-3.8385e-06	-3.3100e-01
-3.8458e-06	-3.3200e-01
-3.8428e-06	-3.3300e-01
-3.8338e-06	-3.3400e-01
-3.8346e-06	-3.3500e-01
-3.8230e-06	-3.3600e-01
-3.8566e-06	-3.3700e-01
-3.8292e-06	-3.3800e-01
-3.8506e-06	-3.3900e-01
-3.8474e-06	-3.4000e-01
-3.8230e-06	-3.4100e-01
-3.8754e-06	-3.4200e-01
-3.8345e-06	-3.4300e-01
-3.8302e-06	-3.4400e-01
-3.8252e-06	-3.4500e-01
-3.8448e-06	-3.4600e-01
-3.8331e-06	-3.4700e-01
-3.8535e-06	-3.4800e-01
-3.8648e-06	-3.4900e-01
-3.8710e-06	-3.5000e-01
-3.8590e-06	-3.5100e-01
-3.8673e-06	-3.5200e-01
-3.8654e-06	-3.5300e-01
-3.8662e-06	-3.5400e-01
-3.8762e-06	-3.5500e-01
-3.8896e-06	-3.5600e-01
-3.8909e-06	-3.5700e-01
-3.8697e-06	-3.5800e-01
-3.8669e-06	-3.5900e-01
-3.8456e-06	-3.6000e-01
-3.8703e-06	-3.6100e-01
-3.8688e-06	-3.6200e-01
-3.8843e-06	-3.6300e-01
-3.8924e-06	-3.6400e-01
-3.8727e-06	-3.6500e-01
-3.8557e-06	-3.6600e-01
-3.8921e-06	-3.6700e-01
-3.8842e-06	-3.6800e-01
-3.8841e-06	-3.6900e-01
-3.8819e-06	-3.7000e-01
-3.8858e-06	-3.7100e-01
-3.8695e-06	-3.7200e-01
-3.8982e-06	-3.7300e-01
-3.8784e-06	-3.7400e-01
-3.8789e-06	-3.7500e-01
-3.9067e-06	-3.7600e-01
-3.8969e-06	-3.7700e-01
-3.8893e-06	-3.7800e-01
-3.8872e-06	-3.7900e-01
-3.9052e-06	-3.8000e-01
-3.9094e-06	-3.8100e-01
-3.8932e-06	-3.8200e-01
-3.9017e-06	-3.8300e-01
-3.8994e-06	-3.8400e-01
-3.8941e-06	-3.8500e-01
-3.8872e-06	-3.8600e-01
-3.8809e-06	-3.8700e-01
-3.8882e-06	-3.8800e-01
-3.9100e-06	-3.8900e-01
-3.9046e-06	-3.9000e-01
-3.9306e-06	-3.9100e-01
-3.9076e-06	-3.9200e-01
-3.9026e-06	-3.9300e-01
-3.8867e-06	-3.9400e-01
-3.9073e-06	-3.9500e-01
-3.9107e-06	-3.9600e-01
-3.9016e-06	-3.9700e-01
-3.9234e-06	-3.9800e-01
-3.9318e-06	-3.9900e-01
-3.9303e-06	-4.0000e-01
-3.9448e-06	-4.0100e-01
-3.9364e-06	-4.0200e-01
-3.9352e-06	-4.0300e-01
-3.8928e-06	-4.0400e-01
-3.9146e-06	-4.0500e-01
-3.8942e-06	-4.0600e-01
-3.9152e-06	-4.0700e-01
-3.9152e-06	-4.0800e-01
-3.9115e-06	-4.0900e-01
-3.9060e-06	-4.1000e-01
-3.9185e-06	-4.1100e-01
-3.9104e-06	-4.1200e-01
-3.9260e-06	-4.1300e-01
-3.9206e-06	-4.1400e-01
-3.9365e-06	-4.1500e-01
-3.9269e-06	-4.1600e-01
-3.9309e-06	-4.1700e-01
-3.9233e-06	-4.1800e-01
-3.8945e-06	-4.1900e-01
-3.9291e-06	-4.2000e-01
-3.9410e-06	-4.2100e-01
-3.9220e-06	-4.2200e-01
-3.9206e-06	-4.2300e-01
-3.9579e-06	-4.2400e-01
-3.9335e-06	-4.2500e-01
-3.9353e-06	-4.2600e-01
-3.9387e-06	-4.2700e-01
-3.9377e-06	-4.2800e-01
-3.9317e-06	-4.2900e-01
-3.9481e-06	-4.3000e-01
-3.9525e-06	-4.3100e-01
-3.9186e-06	-4.3200e-01
-3.9524e-06	-4.3300e-01
-3.9814e-06	-4.3400e-01
-3.9598e-06	-4.3500e-01
-3.9692e-06	-4.3600e-01
-3.9630e-06	-4.3700e-01
-3.9774e-06	-4.3800e-01
-3.9725e-06	-4.3900e-01
-3.9772e-06	-4.4000e-01
-3.9712e-06	-4.4100e-01
-3.9666e-06	-4.4200e-01
-3.9625e-06	-4.4300e-01
-3.9464e-06	-4.4400e-01
-3.9437e-06	-4.4500e-01
-3.9643e-06	-4.4600e-01
-3.9743e-06	-4.4700e-01
-3.9593e-06	-4.4800e-01
-3.9572e-06	-4.4900e-01
-3.9692e-06	-4.5000e-01
-3.9809e-06	-4.5100e-01
-3.9601e-06	-4.5200e-01
-3.9745e-06	-4.5300e-01
-3.9643e-06	-4.5400e-01
-3.9778e-06	-4.5500e-01
-3.9826e-06	-4.5600e-01
-3.9831e-06	-4.5700e-01
-3.9879e-06	-4.5800e-01
-3.9890e-06	-4.5900e-01
-3.9775e-06	-4.6000e-01
-3.9860e-06	-4.6100e-01
-3.9761e-06	-4.6200e-01
-3.9774e-06	-4.6300e-01
-3.9932e-06	-4.6400e-01
-3.9973e-06	-4.6500e-01
-3.9969e-06	-4.6600e-01
-3.9706e-06	-4.6700e-01
-3.9905e-06	-4.6800e-01
-4.0049e-06	-4.6900e-01
-3.9932e-06	-4.7000e-01
-4.0125e-06	-4.7100e-01
-4.0100e-06	-4.7200e-01
-3.9939e-06	-4.7300e-01
-4.0078e-06	-4.7400e-01
-3.9757e-06	-4.7500e-01
-3.9853e-06	-4.7600e-01
-3.9825e-06	-4.7700e-01
-3.9882e-06	-4.7800e-01
-3.9676e-06	-4.7900e-01
-3.9934e-06	-4.8000e-01
-3.9855e-06	-4.8100e-01
-3.9931e-06	-4.8200e-01
-4.0211e-06	-4.8300e-01
-4.0061e-06	-4.8400e-01
-3.9968e-06	-4.8500e-01
-4.0177e-06	-4.8600e-01
-3.9839e-06	-4.8700e-01
-3.9768e-06	-4.8800e-01
-3.9747e-06	-4.8900e-01
-4.0018e-06	-4.9000e-01
-3.9805e-06	-4.9100e-01
-3.9967e-06	-4.9200e-01
-4.0094e-06	-4.9300e-01
-3.9860e-06	-4.9400e-01
-4.0055e-06	-4.9500e-01
-4.0004e-06	-4.9600e-01
-3.9886e-06	-4.9700e-01
-3.9938e-06	-4.9800e-01
-4.0002e-06	-4.9900e-01
-4.0070e-06	-5.0000e-01
