InterPad_I	InterPad_V
-2.2628e-06	-5.0000e-01
-2.2675e-06	-4.9900e-01
-2.2676e-06	-4.9800e-01
-2.2622e-06	-4.9700e-01
-2.2687e-06	-4.9600e-01
-2.2563e-06	-4.9500e-01
-2.2578e-06	-4.9400e-01
-2.2582e-06	-4.9300e-01
-2.2656e-06	-4.9200e-01
-2.2522e-06	-4.9100e-01
-2.2561e-06	-4.9000e-01
-2.2586e-06	-4.8900e-01
-2.2570e-06	-4.8800e-01
-2.2505e-06	-4.8700e-01
-2.2495e-06	-4.8600e-01
-2.2639e-06	-4.8500e-01
-2.2638e-06	-4.8400e-01
-2.2670e-06	-4.8300e-01
-2.2521e-06	-4.8200e-01
-2.2492e-06	-4.8100e-01
-2.2506e-06	-4.8000e-01
-2.2529e-06	-4.7900e-01
-2.2527e-06	-4.7800e-01
-2.2534e-06	-4.7700e-01
-2.2705e-06	-4.7600e-01
-2.2736e-06	-4.7500e-01
-2.2542e-06	-4.7400e-01
-2.2534e-06	-4.7300e-01
-2.2612e-06	-4.7200e-01
-2.2603e-06	-4.7100e-01
-2.2666e-06	-4.7000e-01
-2.2746e-06	-4.6900e-01
-2.2547e-06	-4.6800e-01
-2.2473e-06	-4.6700e-01
-2.2608e-06	-4.6600e-01
-2.2433e-06	-4.6500e-01
-2.2522e-06	-4.6400e-01
-2.2349e-06	-4.6300e-01
-2.2531e-06	-4.6200e-01
-2.2416e-06	-4.6100e-01
-2.2386e-06	-4.6000e-01
-2.2488e-06	-4.5900e-01
-2.2318e-06	-4.5800e-01
-2.2434e-06	-4.5700e-01
-2.2252e-06	-4.5600e-01
-2.2205e-06	-4.5500e-01
-2.2243e-06	-4.5400e-01
-2.2378e-06	-4.5300e-01
-2.2259e-06	-4.5200e-01
-2.2240e-06	-4.5100e-01
-2.2214e-06	-4.5000e-01
-2.2265e-06	-4.4900e-01
-2.2344e-06	-4.4800e-01
-2.2241e-06	-4.4700e-01
-2.2306e-06	-4.4600e-01
-2.2185e-06	-4.4500e-01
-2.2183e-06	-4.4400e-01
-2.2259e-06	-4.4300e-01
-2.2148e-06	-4.4200e-01
-2.2171e-06	-4.4100e-01
-2.2061e-06	-4.4000e-01
-2.2027e-06	-4.3900e-01
-2.2193e-06	-4.3800e-01
-2.2119e-06	-4.3700e-01
-2.2187e-06	-4.3600e-01
-2.2109e-06	-4.3500e-01
-2.2166e-06	-4.3400e-01
-2.2138e-06	-4.3300e-01
-2.2092e-06	-4.3200e-01
-2.2086e-06	-4.3100e-01
-2.2079e-06	-4.3000e-01
-2.1989e-06	-4.2900e-01
-2.2083e-06	-4.2800e-01
-2.1951e-06	-4.2700e-01
-2.2008e-06	-4.2600e-01
-2.1994e-06	-4.2500e-01
-2.2008e-06	-4.2400e-01
-2.2041e-06	-4.2300e-01
-2.1962e-06	-4.2200e-01
-2.1853e-06	-4.2100e-01
-2.1837e-06	-4.2000e-01
-2.1919e-06	-4.1900e-01
-2.1842e-06	-4.1800e-01
-2.1873e-06	-4.1700e-01
-2.1794e-06	-4.1600e-01
-2.1737e-06	-4.1500e-01
-2.1827e-06	-4.1400e-01
-2.1802e-06	-4.1300e-01
-2.1826e-06	-4.1200e-01
-2.1806e-06	-4.1100e-01
-2.1702e-06	-4.1000e-01
-2.1723e-06	-4.0900e-01
-2.1682e-06	-4.0800e-01
-2.1749e-06	-4.0700e-01
-2.1746e-06	-4.0600e-01
-2.1652e-06	-4.0500e-01
-2.1845e-06	-4.0400e-01
-2.1767e-06	-4.0300e-01
-2.1723e-06	-4.0200e-01
-2.1565e-06	-4.0100e-01
-2.1587e-06	-4.0000e-01
-2.1719e-06	-3.9900e-01
-2.1599e-06	-3.9800e-01
-2.1650e-06	-3.9700e-01
-2.1611e-06	-3.9600e-01
-2.1518e-06	-3.9500e-01
-2.1522e-06	-3.9400e-01
-2.1488e-06	-3.9300e-01
-2.1390e-06	-3.9200e-01
-2.1320e-06	-3.9100e-01
-2.1361e-06	-3.9000e-01
-2.1345e-06	-3.8900e-01
-2.1319e-06	-3.8800e-01
-2.1321e-06	-3.8700e-01
-2.1331e-06	-3.8600e-01
-2.1320e-06	-3.8500e-01
-2.1261e-06	-3.8400e-01
-2.1188e-06	-3.8300e-01
-2.1217e-06	-3.8200e-01
-2.1166e-06	-3.8100e-01
-2.1164e-06	-3.8000e-01
-2.1220e-06	-3.7900e-01
-2.1168e-06	-3.7800e-01
-2.1166e-06	-3.7700e-01
-2.1184e-06	-3.7600e-01
-2.1124e-06	-3.7500e-01
-2.1079e-06	-3.7400e-01
-2.1093e-06	-3.7300e-01
-2.1080e-06	-3.7200e-01
-2.1069e-06	-3.7100e-01
-2.0966e-06	-3.7000e-01
-2.0952e-06	-3.6900e-01
-2.1050e-06	-3.6800e-01
-2.0942e-06	-3.6700e-01
-2.0893e-06	-3.6600e-01
-2.0967e-06	-3.6500e-01
-2.0870e-06	-3.6400e-01
-2.0782e-06	-3.6300e-01
-2.0906e-06	-3.6200e-01
-2.0862e-06	-3.6100e-01
-2.0784e-06	-3.6000e-01
-2.0769e-06	-3.5900e-01
-2.0757e-06	-3.5800e-01
-2.0690e-06	-3.5700e-01
-2.0670e-06	-3.5600e-01
-2.0675e-06	-3.5500e-01
-2.0611e-06	-3.5400e-01
-2.0640e-06	-3.5300e-01
-2.0604e-06	-3.5200e-01
-2.0568e-06	-3.5100e-01
-2.0597e-06	-3.5000e-01
-2.0490e-06	-3.4900e-01
-2.0513e-06	-3.4800e-01
-2.0506e-06	-3.4700e-01
-2.0528e-06	-3.4600e-01
-2.0492e-06	-3.4500e-01
-2.0401e-06	-3.4400e-01
-2.0412e-06	-3.4300e-01
-2.0307e-06	-3.4200e-01
-2.0308e-06	-3.4100e-01
-2.0247e-06	-3.4000e-01
-2.0253e-06	-3.3900e-01
-2.0181e-06	-3.3800e-01
-2.0141e-06	-3.3700e-01
-2.0183e-06	-3.3600e-01
-2.0142e-06	-3.3500e-01
-2.0178e-06	-3.3400e-01
-2.0059e-06	-3.3300e-01
-2.0073e-06	-3.3200e-01
-2.0050e-06	-3.3100e-01
-2.0032e-06	-3.3000e-01
-1.9985e-06	-3.2900e-01
-1.9942e-06	-3.2800e-01
-1.9950e-06	-3.2700e-01
-1.9852e-06	-3.2600e-01
-1.9899e-06	-3.2500e-01
-1.9849e-06	-3.2400e-01
-1.9930e-06	-3.2300e-01
-1.9848e-06	-3.2200e-01
-1.9729e-06	-3.2100e-01
-1.9747e-06	-3.2000e-01
-1.9801e-06	-3.1900e-01
-1.9629e-06	-3.1800e-01
-1.9712e-06	-3.1700e-01
-1.9718e-06	-3.1600e-01
-1.9609e-06	-3.1500e-01
-1.9587e-06	-3.1400e-01
-1.9551e-06	-3.1300e-01
-1.9444e-06	-3.1200e-01
-1.9442e-06	-3.1100e-01
-1.9452e-06	-3.1000e-01
-1.9413e-06	-3.0900e-01
-1.9422e-06	-3.0800e-01
-1.9329e-06	-3.0700e-01
-1.9354e-06	-3.0600e-01
-1.9304e-06	-3.0500e-01
-1.9202e-06	-3.0400e-01
-1.9263e-06	-3.0300e-01
-1.9232e-06	-3.0200e-01
-1.9170e-06	-3.0100e-01
-1.9137e-06	-3.0000e-01
-1.9131e-06	-2.9900e-01
-1.9108e-06	-2.9800e-01
-1.9074e-06	-2.9700e-01
-1.9010e-06	-2.9600e-01
-1.8960e-06	-2.9500e-01
-1.8918e-06	-2.9400e-01
-1.8910e-06	-2.9300e-01
-1.8890e-06	-2.9200e-01
-1.8889e-06	-2.9100e-01
-1.8845e-06	-2.9000e-01
-1.8769e-06	-2.8900e-01
-1.8753e-06	-2.8800e-01
-1.8734e-06	-2.8700e-01
-1.8706e-06	-2.8600e-01
-1.8656e-06	-2.8500e-01
-1.8639e-06	-2.8400e-01
-1.8590e-06	-2.8300e-01
-1.8493e-06	-2.8200e-01
-1.8457e-06	-2.8100e-01
-1.8411e-06	-2.8000e-01
-1.8424e-06	-2.7900e-01
-1.8279e-06	-2.7800e-01
-1.8293e-06	-2.7700e-01
-1.8301e-06	-2.7600e-01
-1.8301e-06	-2.7500e-01
-1.8304e-06	-2.7400e-01
-1.8268e-06	-2.7300e-01
-1.8196e-06	-2.7200e-01
-1.8175e-06	-2.7100e-01
-1.8101e-06	-2.7000e-01
-1.8080e-06	-2.6900e-01
-1.8054e-06	-2.6800e-01
-1.8006e-06	-2.6700e-01
-1.7923e-06	-2.6600e-01
-1.7939e-06	-2.6500e-01
-1.7906e-06	-2.6400e-01
-1.7826e-06	-2.6300e-01
-1.7765e-06	-2.6200e-01
-1.7781e-06	-2.6100e-01
-1.7707e-06	-2.6000e-01
-1.7613e-06	-2.5900e-01
-1.7665e-06	-2.5800e-01
-1.7596e-06	-2.5700e-01
-1.7553e-06	-2.5600e-01
-1.7477e-06	-2.5500e-01
-1.7484e-06	-2.5400e-01
-1.7366e-06	-2.5300e-01
-1.7362e-06	-2.5200e-01
-1.7327e-06	-2.5100e-01
-1.7269e-06	-2.5000e-01
-1.7228e-06	-2.4900e-01
-1.7170e-06	-2.4800e-01
-1.7155e-06	-2.4700e-01
-1.7111e-06	-2.4600e-01
-1.7055e-06	-2.4500e-01
-1.6996e-06	-2.4400e-01
-1.6961e-06	-2.4300e-01
-1.6907e-06	-2.4200e-01
-1.6899e-06	-2.4100e-01
-1.6845e-06	-2.4000e-01
-1.6817e-06	-2.3900e-01
-1.6745e-06	-2.3800e-01
-1.6659e-06	-2.3700e-01
-1.6646e-06	-2.3600e-01
-1.6586e-06	-2.3500e-01
-1.6542e-06	-2.3400e-01
-1.6456e-06	-2.3300e-01
-1.6461e-06	-2.3200e-01
-1.6385e-06	-2.3100e-01
-1.6367e-06	-2.3000e-01
-1.6295e-06	-2.2900e-01
-1.6317e-06	-2.2800e-01
-1.6260e-06	-2.2700e-01
-1.6170e-06	-2.2600e-01
-1.6123e-06	-2.2500e-01
-1.6029e-06	-2.2400e-01
-1.5975e-06	-2.2300e-01
-1.5942e-06	-2.2200e-01
-1.5905e-06	-2.2100e-01
-1.5826e-06	-2.2000e-01
-1.5803e-06	-2.1900e-01
-1.5776e-06	-2.1800e-01
-1.5655e-06	-2.1700e-01
-1.5614e-06	-2.1600e-01
-1.5608e-06	-2.1500e-01
-1.5558e-06	-2.1400e-01
-1.5467e-06	-2.1300e-01
-1.5442e-06	-2.1200e-01
-1.5387e-06	-2.1100e-01
-1.5331e-06	-2.1000e-01
-1.5265e-06	-2.0900e-01
-1.5234e-06	-2.0800e-01
-1.5141e-06	-2.0700e-01
-1.5091e-06	-2.0600e-01
-1.5034e-06	-2.0500e-01
-1.5015e-06	-2.0400e-01
-1.4952e-06	-2.0300e-01
-1.4856e-06	-2.0200e-01
-1.4869e-06	-2.0100e-01
-1.4830e-06	-2.0000e-01
-1.4753e-06	-1.9900e-01
-1.4671e-06	-1.9800e-01
-1.4645e-06	-1.9700e-01
-1.4599e-06	-1.9600e-01
-1.4522e-06	-1.9500e-01
-1.4475e-06	-1.9400e-01
-1.4434e-06	-1.9300e-01
-1.4375e-06	-1.9200e-01
-1.4271e-06	-1.9100e-01
-1.4267e-06	-1.9000e-01
-1.4181e-06	-1.8900e-01
-1.4142e-06	-1.8800e-01
-1.4071e-06	-1.8700e-01
-1.4001e-06	-1.8600e-01
-1.3967e-06	-1.8500e-01
-1.3905e-06	-1.8400e-01
-1.3830e-06	-1.8300e-01
-1.3739e-06	-1.8200e-01
-1.3686e-06	-1.8100e-01
-1.3619e-06	-1.8000e-01
-1.3585e-06	-1.7900e-01
-1.3523e-06	-1.7800e-01
-1.3472e-06	-1.7700e-01
-1.3417e-06	-1.7600e-01
-1.3348e-06	-1.7500e-01
-1.3292e-06	-1.7400e-01
-1.3173e-06	-1.7300e-01
-1.3125e-06	-1.7200e-01
-1.3076e-06	-1.7100e-01
-1.3009e-06	-1.7000e-01
-1.2974e-06	-1.6900e-01
-1.2894e-06	-1.6800e-01
-1.2848e-06	-1.6700e-01
-1.2801e-06	-1.6600e-01
-1.2715e-06	-1.6500e-01
-1.2644e-06	-1.6400e-01
-1.2578e-06	-1.6300e-01
-1.2561e-06	-1.6200e-01
-1.2493e-06	-1.6100e-01
-1.2408e-06	-1.6000e-01
-1.2341e-06	-1.5900e-01
-1.2267e-06	-1.5800e-01
-1.2212e-06	-1.5700e-01
-1.2153e-06	-1.5600e-01
-1.2066e-06	-1.5500e-01
-1.1992e-06	-1.5400e-01
-1.1935e-06	-1.5300e-01
-1.1862e-06	-1.5200e-01
-1.1809e-06	-1.5100e-01
-1.1761e-06	-1.5000e-01
-1.1691e-06	-1.4900e-01
-1.1621e-06	-1.4800e-01
-1.1533e-06	-1.4700e-01
-1.1463e-06	-1.4600e-01
-1.1400e-06	-1.4500e-01
-1.1334e-06	-1.4400e-01
-1.1287e-06	-1.4300e-01
-1.1212e-06	-1.4200e-01
-1.1150e-06	-1.4100e-01
-1.1067e-06	-1.4000e-01
-1.1009e-06	-1.3900e-01
-1.0933e-06	-1.3800e-01
-1.0865e-06	-1.3700e-01
-1.0793e-06	-1.3600e-01
-1.0726e-06	-1.3500e-01
-1.0644e-06	-1.3400e-01
-1.0583e-06	-1.3300e-01
-1.0529e-06	-1.3200e-01
-1.0469e-06	-1.3100e-01
-1.0385e-06	-1.3000e-01
-1.0288e-06	-1.2900e-01
-1.0222e-06	-1.2800e-01
-1.0159e-06	-1.2700e-01
-1.0065e-06	-1.2600e-01
-9.9884e-07	-1.2500e-01
-9.9294e-07	-1.2400e-01
-9.8804e-07	-1.2300e-01
-9.7735e-07	-1.2200e-01
-9.7161e-07	-1.2100e-01
-9.6287e-07	-1.2000e-01
-9.5601e-07	-1.1900e-01
-9.5022e-07	-1.1800e-01
-9.4162e-07	-1.1700e-01
-9.3242e-07	-1.1600e-01
-9.2705e-07	-1.1500e-01
-9.2139e-07	-1.1400e-01
-9.1398e-07	-1.1300e-01
-9.0466e-07	-1.1200e-01
-8.9883e-07	-1.1100e-01
-8.9043e-07	-1.1000e-01
-8.8385e-07	-1.0900e-01
-8.7433e-07	-1.0800e-01
-8.6811e-07	-1.0700e-01
-8.6051e-07	-1.0600e-01
-8.5302e-07	-1.0500e-01
-8.4517e-07	-1.0400e-01
-8.3586e-07	-1.0300e-01
-8.2997e-07	-1.0200e-01
-8.2086e-07	-1.0100e-01
-8.1461e-07	-1.0000e-01
-8.0484e-07	-9.9000e-02
-7.9767e-07	-9.8000e-02
-7.8908e-07	-9.7000e-02
-7.8108e-07	-9.6000e-02
-7.7412e-07	-9.5000e-02
-7.6631e-07	-9.4000e-02
-7.5756e-07	-9.3000e-02
-7.5137e-07	-9.2000e-02
-7.4438e-07	-9.1000e-02
-7.3561e-07	-9.0000e-02
-7.2729e-07	-8.9000e-02
-7.1946e-07	-8.8000e-02
-7.1252e-07	-8.7000e-02
-7.0383e-07	-8.6000e-02
-6.9739e-07	-8.5000e-02
-6.8762e-07	-8.4000e-02
-6.7958e-07	-8.3000e-02
-6.7098e-07	-8.2000e-02
-6.6475e-07	-8.1000e-02
-6.5654e-07	-8.0000e-02
-6.4873e-07	-7.9000e-02
-6.4067e-07	-7.8000e-02
-6.3221e-07	-7.7000e-02
-6.2520e-07	-7.6000e-02
-6.1647e-07	-7.5000e-02
-6.0797e-07	-7.4000e-02
-6.0041e-07	-7.3000e-02
-5.9262e-07	-7.2000e-02
-5.8511e-07	-7.1000e-02
-5.7705e-07	-7.0000e-02
-5.6868e-07	-6.9000e-02
-5.6068e-07	-6.8000e-02
-5.5298e-07	-6.7000e-02
-5.4456e-07	-6.6000e-02
-5.3599e-07	-6.5000e-02
-5.2797e-07	-6.4000e-02
-5.1899e-07	-6.3000e-02
-5.1202e-07	-6.2000e-02
-5.0329e-07	-6.1000e-02
-4.9559e-07	-6.0000e-02
-4.8849e-07	-5.9000e-02
-4.7862e-07	-5.8000e-02
-4.7239e-07	-5.7000e-02
-4.6471e-07	-5.6000e-02
-4.5629e-07	-5.5000e-02
-4.4758e-07	-5.4000e-02
-4.3994e-07	-5.3000e-02
-4.3127e-07	-5.2000e-02
-4.2351e-07	-5.1000e-02
-4.1444e-07	-5.0000e-02
-4.0724e-07	-4.9000e-02
-3.9874e-07	-4.8000e-02
-3.9013e-07	-4.7000e-02
-3.8226e-07	-4.6000e-02
-3.7401e-07	-4.5000e-02
-3.6519e-07	-4.4000e-02
-3.5705e-07	-4.3000e-02
-3.4846e-07	-4.2000e-02
-3.4099e-07	-4.1000e-02
-3.3236e-07	-4.0000e-02
-3.2356e-07	-3.9000e-02
-3.1544e-07	-3.8000e-02
-3.0715e-07	-3.7000e-02
-2.9932e-07	-3.6000e-02
-2.9048e-07	-3.5000e-02
-2.8240e-07	-3.4000e-02
-2.7417e-07	-3.3000e-02
-2.6613e-07	-3.2000e-02
-2.5761e-07	-3.1000e-02
-2.4917e-07	-3.0000e-02
-2.4079e-07	-2.9000e-02
-2.3248e-07	-2.8000e-02
-2.2423e-07	-2.7000e-02
-2.1588e-07	-2.6000e-02
-2.0756e-07	-2.5000e-02
-1.9963e-07	-2.4000e-02
-1.9155e-07	-2.3000e-02
-1.8323e-07	-2.2000e-02
-1.7494e-07	-2.1000e-02
-1.6739e-07	-2.0000e-02
-1.5897e-07	-1.9000e-02
-1.5068e-07	-1.8000e-02
-1.4224e-07	-1.7000e-02
-1.3350e-07	-1.6000e-02
-1.2523e-07	-1.5000e-02
-1.1667e-07	-1.4000e-02
-1.0819e-07	-1.3000e-02
-1.0002e-07	-1.2000e-02
-9.1583e-08	-1.1000e-02
-8.3060e-08	-1.0000e-02
-7.4663e-08	-9.0000e-03
-6.6708e-08	-8.0000e-03
-5.8500e-08	-7.0000e-03
-5.0124e-08	-6.0000e-03
-4.1411e-08	-5.0000e-03
-3.3414e-08	-4.0000e-03
-2.5143e-08	-3.0000e-03
-1.6936e-08	-2.0000e-03
-8.4547e-09	-1.0000e-03
-3.5229e-10	0.0000e+00
7.9820e-09	1.0000e-03
1.6295e-08	2.0000e-03
2.4777e-08	3.0000e-03
3.3048e-08	4.0000e-03
4.1193e-08	5.0000e-03
4.9254e-08	6.0000e-03
5.7715e-08	7.0000e-03
6.6007e-08	8.0000e-03
7.4362e-08	9.0000e-03
8.2402e-08	1.0000e-02
9.0757e-08	1.1000e-02
9.8902e-08	1.2000e-02
1.0730e-07	1.3000e-02
1.1553e-07	1.4000e-02
1.2388e-07	1.5000e-02
1.3180e-07	1.6000e-02
1.4026e-07	1.7000e-02
1.4874e-07	1.8000e-02
1.5718e-07	1.9000e-02
1.6522e-07	2.0000e-02
1.7385e-07	2.1000e-02
1.8187e-07	2.2000e-02
1.9031e-07	2.3000e-02
1.9877e-07	2.4000e-02
2.0714e-07	2.5000e-02
2.1455e-07	2.6000e-02
2.2274e-07	2.7000e-02
2.3086e-07	2.8000e-02
2.3924e-07	2.9000e-02
2.4724e-07	3.0000e-02
2.5570e-07	3.1000e-02
2.6441e-07	3.2000e-02
2.7182e-07	3.3000e-02
2.8003e-07	3.4000e-02
2.8771e-07	3.5000e-02
2.9569e-07	3.6000e-02
3.0389e-07	3.7000e-02
3.1168e-07	3.8000e-02
3.2020e-07	3.9000e-02
3.2803e-07	4.0000e-02
3.3626e-07	4.1000e-02
3.4422e-07	4.2000e-02
3.5321e-07	4.3000e-02
3.6122e-07	4.4000e-02
3.6952e-07	4.5000e-02
3.7695e-07	4.6000e-02
3.8438e-07	4.7000e-02
3.9252e-07	4.8000e-02
4.0050e-07	4.9000e-02
4.0820e-07	5.0000e-02
4.1666e-07	5.1000e-02
4.2436e-07	5.2000e-02
4.3249e-07	5.3000e-02
4.4118e-07	5.4000e-02
4.4897e-07	5.5000e-02
4.5711e-07	5.6000e-02
4.6505e-07	5.7000e-02
4.7269e-07	5.8000e-02
4.8077e-07	5.9000e-02
4.8839e-07	6.0000e-02
4.9624e-07	6.1000e-02
5.0461e-07	6.2000e-02
5.1181e-07	6.3000e-02
5.1970e-07	6.4000e-02
5.2728e-07	6.5000e-02
5.3484e-07	6.6000e-02
5.4277e-07	6.7000e-02
5.4961e-07	6.8000e-02
5.5837e-07	6.9000e-02
5.6571e-07	7.0000e-02
5.7400e-07	7.1000e-02
5.8139e-07	7.2000e-02
5.8985e-07	7.3000e-02
5.9732e-07	7.4000e-02
6.0450e-07	7.5000e-02
6.1210e-07	7.6000e-02
6.1969e-07	7.7000e-02
6.2820e-07	7.8000e-02
6.3653e-07	7.9000e-02
6.4354e-07	8.0000e-02
6.5046e-07	8.1000e-02
6.5863e-07	8.2000e-02
6.6591e-07	8.3000e-02
6.7399e-07	8.4000e-02
6.8016e-07	8.5000e-02
6.8831e-07	8.6000e-02
6.9590e-07	8.7000e-02
7.0331e-07	8.8000e-02
7.1110e-07	8.9000e-02
7.1994e-07	9.0000e-02
7.2745e-07	9.1000e-02
7.3524e-07	9.2000e-02
7.4296e-07	9.3000e-02
7.5109e-07	9.4000e-02
7.5788e-07	9.5000e-02
7.6426e-07	9.6000e-02
7.7154e-07	9.7000e-02
7.7916e-07	9.8000e-02
7.8687e-07	9.9000e-02
7.9354e-07	1.0000e-01
8.0063e-07	1.0100e-01
8.0850e-07	1.0200e-01
8.1660e-07	1.0300e-01
8.2267e-07	1.0400e-01
8.2965e-07	1.0500e-01
8.3738e-07	1.0600e-01
8.4567e-07	1.0700e-01
8.5198e-07	1.0800e-01
8.5788e-07	1.0900e-01
8.6699e-07	1.1000e-01
8.7351e-07	1.1100e-01
8.8037e-07	1.1200e-01
8.8835e-07	1.1300e-01
8.9450e-07	1.1400e-01
9.0264e-07	1.1500e-01
9.1102e-07	1.1600e-01
9.1588e-07	1.1700e-01
9.2339e-07	1.1800e-01
9.3055e-07	1.1900e-01
9.3789e-07	1.2000e-01
9.4503e-07	1.2100e-01
9.5016e-07	1.2200e-01
9.5924e-07	1.2300e-01
9.6862e-07	1.2400e-01
9.7498e-07	1.2500e-01
9.8047e-07	1.2600e-01
9.8805e-07	1.2700e-01
9.9325e-07	1.2800e-01
1.0009e-06	1.2900e-01
1.0060e-06	1.3000e-01
1.0142e-06	1.3100e-01
1.0217e-06	1.3200e-01
1.0319e-06	1.3300e-01
1.0379e-06	1.3400e-01
1.0432e-06	1.3500e-01
1.0502e-06	1.3600e-01
1.0560e-06	1.3700e-01
1.0644e-06	1.3800e-01
1.0690e-06	1.3900e-01
1.0755e-06	1.4000e-01
1.0847e-06	1.4100e-01
1.0909e-06	1.4200e-01
1.0966e-06	1.4300e-01
1.1027e-06	1.4400e-01
1.1087e-06	1.4500e-01
1.1159e-06	1.4600e-01
1.1235e-06	1.4700e-01
1.1273e-06	1.4800e-01
1.1359e-06	1.4900e-01
1.1432e-06	1.5000e-01
1.1506e-06	1.5100e-01
1.1545e-06	1.5200e-01
1.1617e-06	1.5300e-01
1.1697e-06	1.5400e-01
1.1742e-06	1.5500e-01
1.1820e-06	1.5600e-01
1.1863e-06	1.5700e-01
1.1935e-06	1.5800e-01
1.2028e-06	1.5900e-01
1.2062e-06	1.6000e-01
1.2116e-06	1.6100e-01
1.2199e-06	1.6200e-01
1.2251e-06	1.6300e-01
1.2330e-06	1.6400e-01
1.2376e-06	1.6500e-01
1.2432e-06	1.6600e-01
1.2513e-06	1.6700e-01
1.2583e-06	1.6800e-01
1.2610e-06	1.6900e-01
1.2693e-06	1.7000e-01
1.2765e-06	1.7100e-01
1.2805e-06	1.7200e-01
1.2885e-06	1.7300e-01
1.2925e-06	1.7400e-01
1.2991e-06	1.7500e-01
1.3080e-06	1.7600e-01
1.3136e-06	1.7700e-01
1.3192e-06	1.7800e-01
1.3241e-06	1.7900e-01
1.3309e-06	1.8000e-01
1.3370e-06	1.8100e-01
1.3414e-06	1.8200e-01
1.3465e-06	1.8300e-01
1.3541e-06	1.8400e-01
1.3609e-06	1.8500e-01
1.3646e-06	1.8600e-01
1.3704e-06	1.8700e-01
1.3766e-06	1.8800e-01
1.3831e-06	1.8900e-01
1.3895e-06	1.9000e-01
1.3945e-06	1.9100e-01
1.3999e-06	1.9200e-01
1.4073e-06	1.9300e-01
1.4117e-06	1.9400e-01
1.4160e-06	1.9500e-01
1.4217e-06	1.9600e-01
1.4278e-06	1.9700e-01
1.4351e-06	1.9800e-01
1.4419e-06	1.9900e-01
1.4443e-06	2.0000e-01
1.4505e-06	2.0100e-01
1.4565e-06	2.0200e-01
1.4644e-06	2.0300e-01
1.4674e-06	2.0400e-01
1.4723e-06	2.0500e-01
1.4801e-06	2.0600e-01
1.4838e-06	2.0700e-01
1.4904e-06	2.0800e-01
1.4927e-06	2.0900e-01
1.5045e-06	2.1000e-01
1.5091e-06	2.1100e-01
1.5120e-06	2.1200e-01
1.5204e-06	2.1300e-01
1.5253e-06	2.1400e-01
1.5284e-06	2.1500e-01
1.5343e-06	2.1600e-01
1.5375e-06	2.1700e-01
1.5437e-06	2.1800e-01
1.5516e-06	2.1900e-01
1.5591e-06	2.2000e-01
1.5610e-06	2.2100e-01
1.5654e-06	2.2200e-01
1.5714e-06	2.2300e-01
1.5752e-06	2.2400e-01
1.5767e-06	2.2500e-01
1.5834e-06	2.2600e-01
1.5891e-06	2.2700e-01
1.5974e-06	2.2800e-01
1.6026e-06	2.2900e-01
1.6058e-06	2.3000e-01
1.6108e-06	2.3100e-01
1.6166e-06	2.3200e-01
1.6220e-06	2.3300e-01
1.6243e-06	2.3400e-01
1.6302e-06	2.3500e-01
1.6372e-06	2.3600e-01
1.6418e-06	2.3700e-01
1.6445e-06	2.3800e-01
1.6503e-06	2.3900e-01
1.6544e-06	2.4000e-01
1.6587e-06	2.4100e-01
1.6635e-06	2.4200e-01
1.6683e-06	2.4300e-01
1.6724e-06	2.4400e-01
1.6798e-06	2.4500e-01
1.6817e-06	2.4600e-01
1.6838e-06	2.4700e-01
1.6903e-06	2.4800e-01
1.6919e-06	2.4900e-01
1.6992e-06	2.5000e-01
1.7041e-06	2.5100e-01
1.7063e-06	2.5200e-01
1.7139e-06	2.5300e-01
1.7208e-06	2.5400e-01
1.7199e-06	2.5500e-01
1.7260e-06	2.5600e-01
1.7290e-06	2.5700e-01
1.7333e-06	2.5800e-01
1.7385e-06	2.5900e-01
1.7409e-06	2.6000e-01
1.7463e-06	2.6100e-01
1.7517e-06	2.6200e-01
1.7531e-06	2.6300e-01
1.7623e-06	2.6400e-01
1.7631e-06	2.6500e-01
1.7689e-06	2.6600e-01
1.7700e-06	2.6700e-01
1.7751e-06	2.6800e-01
1.7804e-06	2.6900e-01
1.7868e-06	2.7000e-01
1.7884e-06	2.7100e-01
1.7936e-06	2.7200e-01
1.7973e-06	2.7300e-01
1.8046e-06	2.7400e-01
1.8108e-06	2.7500e-01
1.8103e-06	2.7600e-01
1.8143e-06	2.7700e-01
1.8202e-06	2.7800e-01
1.8229e-06	2.7900e-01
1.8293e-06	2.8000e-01
1.8266e-06	2.8100e-01
1.8328e-06	2.8200e-01
1.8368e-06	2.8300e-01
1.8418e-06	2.8400e-01
1.8458e-06	2.8500e-01
1.8486e-06	2.8600e-01
1.8539e-06	2.8700e-01
1.8560e-06	2.8800e-01
1.8614e-06	2.8900e-01
1.8660e-06	2.9000e-01
1.8702e-06	2.9100e-01
1.8732e-06	2.9200e-01
1.8764e-06	2.9300e-01
1.8783e-06	2.9400e-01
1.8783e-06	2.9500e-01
1.8837e-06	2.9600e-01
1.8832e-06	2.9700e-01
1.8922e-06	2.9800e-01
1.8947e-06	2.9900e-01
1.8994e-06	3.0000e-01
1.9020e-06	3.0100e-01
1.9048e-06	3.0200e-01
1.9097e-06	3.0300e-01
1.9117e-06	3.0400e-01
1.9174e-06	3.0500e-01
1.9228e-06	3.0600e-01
1.9247e-06	3.0700e-01
1.9257e-06	3.0800e-01
1.9295e-06	3.0900e-01
1.9360e-06	3.1000e-01
1.9395e-06	3.1100e-01
1.9336e-06	3.1200e-01
1.9435e-06	3.1300e-01
1.9514e-06	3.1400e-01
1.9537e-06	3.1500e-01
1.9589e-06	3.1600e-01
1.9609e-06	3.1700e-01
1.9615e-06	3.1800e-01
1.9646e-06	3.1900e-01
1.9704e-06	3.2000e-01
1.9714e-06	3.2100e-01
1.9744e-06	3.2200e-01
1.9815e-06	3.2300e-01
1.9818e-06	3.2400e-01
1.9863e-06	3.2500e-01
1.9928e-06	3.2600e-01
1.9967e-06	3.2700e-01
1.9967e-06	3.2800e-01
1.9953e-06	3.2900e-01
1.9953e-06	3.3000e-01
1.9985e-06	3.3100e-01
1.9999e-06	3.3200e-01
2.0060e-06	3.3300e-01
2.0069e-06	3.3400e-01
2.0094e-06	3.3500e-01
2.0126e-06	3.3600e-01
2.0174e-06	3.3700e-01
2.0202e-06	3.3800e-01
2.0241e-06	3.3900e-01
2.0323e-06	3.4000e-01
2.0305e-06	3.4100e-01
2.0313e-06	3.4200e-01
2.0332e-06	3.4300e-01
2.0396e-06	3.4400e-01
2.0405e-06	3.4500e-01
2.0424e-06	3.4600e-01
2.0445e-06	3.4700e-01
2.0472e-06	3.4800e-01
2.0582e-06	3.4900e-01
2.0547e-06	3.5000e-01
2.0568e-06	3.5100e-01
2.0597e-06	3.5200e-01
2.0630e-06	3.5300e-01
2.0652e-06	3.5400e-01
2.0670e-06	3.5500e-01
2.0670e-06	3.5600e-01
2.0722e-06	3.5700e-01
2.0740e-06	3.5800e-01
2.0825e-06	3.5900e-01
2.0764e-06	3.6000e-01
2.0868e-06	3.6100e-01
2.0820e-06	3.6200e-01
2.0874e-06	3.6300e-01
2.0880e-06	3.6400e-01
2.0959e-06	3.6500e-01
2.0971e-06	3.6600e-01
2.0968e-06	3.6700e-01
2.1041e-06	3.6800e-01
2.1091e-06	3.6900e-01
2.1088e-06	3.7000e-01
2.1092e-06	3.7100e-01
2.1104e-06	3.7200e-01
2.1121e-06	3.7300e-01
2.1117e-06	3.7400e-01
2.1190e-06	3.7500e-01
2.1269e-06	3.7600e-01
2.1203e-06	3.7700e-01
2.1264e-06	3.7800e-01
2.1255e-06	3.7900e-01
2.1335e-06	3.8000e-01
2.1278e-06	3.8100e-01
2.1351e-06	3.8200e-01
2.1332e-06	3.8300e-01
2.1391e-06	3.8400e-01
2.1399e-06	3.8500e-01
2.1417e-06	3.8600e-01
2.1526e-06	3.8700e-01
2.1439e-06	3.8800e-01
2.1498e-06	3.8900e-01
2.1530e-06	3.9000e-01
2.1569e-06	3.9100e-01
2.1581e-06	3.9200e-01
2.1638e-06	3.9300e-01
2.1604e-06	3.9400e-01
2.1640e-06	3.9500e-01
2.1655e-06	3.9600e-01
2.1654e-06	3.9700e-01
2.1670e-06	3.9800e-01
2.1605e-06	3.9900e-01
2.1684e-06	4.0000e-01
2.1743e-06	4.0100e-01
2.1758e-06	4.0200e-01
2.1793e-06	4.0300e-01
2.1852e-06	4.0400e-01
2.1767e-06	4.0500e-01
2.1818e-06	4.0600e-01
2.1871e-06	4.0700e-01
2.1864e-06	4.0800e-01
2.1938e-06	4.0900e-01
2.1968e-06	4.1000e-01
2.1928e-06	4.1100e-01
2.1925e-06	4.1200e-01
2.1970e-06	4.1300e-01
2.1987e-06	4.1400e-01
2.2045e-06	4.1500e-01
2.2073e-06	4.1600e-01
2.2009e-06	4.1700e-01
2.2059e-06	4.1800e-01
2.2101e-06	4.1900e-01
2.2109e-06	4.2000e-01
2.2161e-06	4.2100e-01
2.2176e-06	4.2200e-01
2.2154e-06	4.2300e-01
2.2207e-06	4.2400e-01
2.2197e-06	4.2500e-01
2.2231e-06	4.2600e-01
2.2245e-06	4.2700e-01
2.2262e-06	4.2800e-01
2.2293e-06	4.2900e-01
2.2342e-06	4.3000e-01
2.2350e-06	4.3100e-01
2.2349e-06	4.3200e-01
2.2278e-06	4.3300e-01
2.2342e-06	4.3400e-01
2.2362e-06	4.3500e-01
2.2311e-06	4.3600e-01
2.2361e-06	4.3700e-01
2.2415e-06	4.3800e-01
2.2384e-06	4.3900e-01
2.2442e-06	4.4000e-01
2.2465e-06	4.4100e-01
2.2507e-06	4.4200e-01
2.2427e-06	4.4300e-01
2.2464e-06	4.4400e-01
2.2498e-06	4.4500e-01
2.2493e-06	4.4600e-01
2.2512e-06	4.4700e-01
2.2481e-06	4.4800e-01
2.2504e-06	4.4900e-01
2.2510e-06	4.5000e-01
2.2519e-06	4.5100e-01
2.2537e-06	4.5200e-01
2.2558e-06	4.5300e-01
2.2530e-06	4.5400e-01
2.2658e-06	4.5500e-01
2.2667e-06	4.5600e-01
2.2665e-06	4.5700e-01
2.2710e-06	4.5800e-01
2.2636e-06	4.5900e-01
2.2730e-06	4.6000e-01
2.2773e-06	4.6100e-01
2.2660e-06	4.6200e-01
2.2757e-06	4.6300e-01
2.2794e-06	4.6400e-01
2.2721e-06	4.6500e-01
2.2761e-06	4.6600e-01
2.2813e-06	4.6700e-01
2.2789e-06	4.6800e-01
2.2824e-06	4.6900e-01
2.2922e-06	4.7000e-01
2.2874e-06	4.7100e-01
2.2864e-06	4.7200e-01
2.2843e-06	4.7300e-01
2.2896e-06	4.7400e-01
2.3027e-06	4.7500e-01
2.2950e-06	4.7600e-01
2.3005e-06	4.7700e-01
2.3078e-06	4.7800e-01
2.2967e-06	4.7900e-01
2.3023e-06	4.8000e-01
2.3024e-06	4.8100e-01
2.3037e-06	4.8200e-01
2.3072e-06	4.8300e-01
2.3077e-06	4.8400e-01
2.3014e-06	4.8500e-01
2.3024e-06	4.8600e-01
2.3058e-06	4.8700e-01
2.3086e-06	4.8800e-01
2.3110e-06	4.8900e-01
2.3159e-06	4.9000e-01
2.3118e-06	4.9100e-01
2.3134e-06	4.9200e-01
2.3187e-06	4.9300e-01
2.3119e-06	4.9400e-01
2.3092e-06	4.9500e-01
2.3142e-06	4.9600e-01
2.3129e-06	4.9700e-01
2.3196e-06	4.9800e-01
2.3180e-06	4.9900e-01
2.3223e-06	5.0000e-01
2.3211e-06	5.0000e-01
2.3167e-06	4.9900e-01
2.3151e-06	4.9800e-01
2.3130e-06	4.9700e-01
2.3199e-06	4.9600e-01
2.3146e-06	4.9500e-01
2.3067e-06	4.9400e-01
2.3023e-06	4.9300e-01
2.3070e-06	4.9200e-01
2.3076e-06	4.9100e-01
2.3093e-06	4.9000e-01
2.2979e-06	4.8900e-01
2.3028e-06	4.8800e-01
2.3031e-06	4.8700e-01
2.3063e-06	4.8600e-01
2.2961e-06	4.8500e-01
2.2939e-06	4.8400e-01
2.2938e-06	4.8300e-01
2.2873e-06	4.8200e-01
2.2863e-06	4.8100e-01
2.2869e-06	4.8000e-01
2.2955e-06	4.7900e-01
2.2903e-06	4.7800e-01
2.2804e-06	4.7700e-01
2.2778e-06	4.7600e-01
2.2827e-06	4.7500e-01
2.2725e-06	4.7400e-01
2.2861e-06	4.7300e-01
2.2772e-06	4.7200e-01
2.2807e-06	4.7100e-01
2.2763e-06	4.7000e-01
2.2781e-06	4.6900e-01
2.2748e-06	4.6800e-01
2.2719e-06	4.6700e-01
2.2703e-06	4.6600e-01
2.2699e-06	4.6500e-01
2.2749e-06	4.6400e-01
2.2611e-06	4.6300e-01
2.2628e-06	4.6200e-01
2.2630e-06	4.6100e-01
2.2655e-06	4.6000e-01
2.2574e-06	4.5900e-01
2.2555e-06	4.5800e-01
2.2602e-06	4.5700e-01
2.2514e-06	4.5600e-01
2.2510e-06	4.5500e-01
2.2515e-06	4.5400e-01
2.2478e-06	4.5300e-01
2.2439e-06	4.5200e-01
2.2398e-06	4.5100e-01
2.2365e-06	4.5000e-01
2.2421e-06	4.4900e-01
2.2453e-06	4.4800e-01
2.2363e-06	4.4700e-01
2.2368e-06	4.4600e-01
2.2362e-06	4.4500e-01
2.2346e-06	4.4400e-01
2.2357e-06	4.4300e-01
2.2315e-06	4.4200e-01
2.2301e-06	4.4100e-01
2.2268e-06	4.4000e-01
2.2240e-06	4.3900e-01
2.2209e-06	4.3800e-01
2.2247e-06	4.3700e-01
2.2250e-06	4.3600e-01
2.2245e-06	4.3500e-01
2.2128e-06	4.3400e-01
2.2145e-06	4.3300e-01
2.2180e-06	4.3200e-01
2.2079e-06	4.3100e-01
2.2056e-06	4.3000e-01
2.1985e-06	4.2900e-01
2.2005e-06	4.2800e-01
2.1994e-06	4.2700e-01
2.1981e-06	4.2600e-01
2.1991e-06	4.2500e-01
2.1958e-06	4.2400e-01
2.1890e-06	4.2300e-01
2.1868e-06	4.2200e-01
2.1884e-06	4.2100e-01
2.1783e-06	4.2000e-01
2.1827e-06	4.1900e-01
2.1808e-06	4.1800e-01
2.1819e-06	4.1700e-01
2.1827e-06	4.1600e-01
2.1740e-06	4.1500e-01
2.1738e-06	4.1400e-01
2.1673e-06	4.1300e-01
2.1656e-06	4.1200e-01
2.1648e-06	4.1100e-01
2.1609e-06	4.1000e-01
2.1630e-06	4.0900e-01
2.1618e-06	4.0800e-01
2.1573e-06	4.0700e-01
2.1548e-06	4.0600e-01
2.1585e-06	4.0500e-01
2.1475e-06	4.0400e-01
2.1449e-06	4.0300e-01
2.1464e-06	4.0200e-01
2.1393e-06	4.0100e-01
2.1355e-06	4.0000e-01
2.1319e-06	3.9900e-01
2.1356e-06	3.9800e-01
2.1346e-06	3.9700e-01
2.1304e-06	3.9600e-01
2.1357e-06	3.9500e-01
2.1229e-06	3.9400e-01
2.1260e-06	3.9300e-01
2.1262e-06	3.9200e-01
2.1268e-06	3.9100e-01
2.1216e-06	3.9000e-01
2.1174e-06	3.8900e-01
2.1170e-06	3.8800e-01
2.1106e-06	3.8700e-01
2.1065e-06	3.8600e-01
2.1076e-06	3.8500e-01
2.1049e-06	3.8400e-01
2.1009e-06	3.8300e-01
2.1011e-06	3.8200e-01
2.0922e-06	3.8100e-01
2.0920e-06	3.8000e-01
2.0896e-06	3.7900e-01
2.0848e-06	3.7800e-01
2.0865e-06	3.7700e-01
2.0840e-06	3.7600e-01
2.0823e-06	3.7500e-01
2.0777e-06	3.7400e-01
2.0712e-06	3.7300e-01
2.0687e-06	3.7200e-01
2.0693e-06	3.7100e-01
2.0635e-06	3.7000e-01
2.0564e-06	3.6900e-01
2.0479e-06	3.6800e-01
2.0524e-06	3.6700e-01
2.0517e-06	3.6600e-01
2.0482e-06	3.6500e-01
2.0435e-06	3.6400e-01
2.0418e-06	3.6300e-01
2.0393e-06	3.6200e-01
2.0396e-06	3.6100e-01
2.0329e-06	3.6000e-01
2.0344e-06	3.5900e-01
2.0377e-06	3.5800e-01
2.0333e-06	3.5700e-01
2.0290e-06	3.5600e-01
2.0190e-06	3.5500e-01
2.0220e-06	3.5400e-01
2.0194e-06	3.5300e-01
2.0149e-06	3.5200e-01
2.0112e-06	3.5100e-01
2.0122e-06	3.5000e-01
2.0083e-06	3.4900e-01
2.0035e-06	3.4800e-01
1.9982e-06	3.4700e-01
1.9988e-06	3.4600e-01
1.9920e-06	3.4500e-01
1.9904e-06	3.4400e-01
1.9859e-06	3.4300e-01
1.9851e-06	3.4200e-01
1.9789e-06	3.4100e-01
1.9792e-06	3.4000e-01
1.9773e-06	3.3900e-01
1.9723e-06	3.3800e-01
1.9705e-06	3.3700e-01
1.9704e-06	3.3600e-01
1.9663e-06	3.3500e-01
1.9615e-06	3.3400e-01
1.9595e-06	3.3300e-01
1.9562e-06	3.3200e-01
1.9526e-06	3.3100e-01
1.9503e-06	3.3000e-01
1.9458e-06	3.2900e-01
1.9454e-06	3.2800e-01
1.9420e-06	3.2700e-01
1.9347e-06	3.2600e-01
1.9358e-06	3.2500e-01
1.9347e-06	3.2400e-01
1.9282e-06	3.2300e-01
1.9265e-06	3.2200e-01
1.9183e-06	3.2100e-01
1.9229e-06	3.2000e-01
1.9158e-06	3.1900e-01
1.9144e-06	3.1800e-01
1.9079e-06	3.1700e-01
1.9058e-06	3.1600e-01
1.9015e-06	3.1500e-01
1.9016e-06	3.1400e-01
1.8974e-06	3.1300e-01
1.8960e-06	3.1200e-01
1.8904e-06	3.1100e-01
1.8857e-06	3.1000e-01
1.8849e-06	3.0900e-01
1.8775e-06	3.0800e-01
1.8708e-06	3.0700e-01
1.8755e-06	3.0600e-01
1.8676e-06	3.0500e-01
1.8632e-06	3.0400e-01
1.8562e-06	3.0300e-01
1.8551e-06	3.0200e-01
1.8556e-06	3.0100e-01
1.8484e-06	3.0000e-01
1.8405e-06	2.9900e-01
1.8421e-06	2.9800e-01
1.8411e-06	2.9700e-01
1.8328e-06	2.9600e-01
1.8281e-06	2.9500e-01
1.8244e-06	2.9400e-01
1.8242e-06	2.9300e-01
1.8186e-06	2.9200e-01
1.8129e-06	2.9100e-01
1.8107e-06	2.9000e-01
1.8019e-06	2.8900e-01
1.7996e-06	2.8800e-01
1.7947e-06	2.8700e-01
1.7889e-06	2.8600e-01
1.7846e-06	2.8500e-01
1.7800e-06	2.8400e-01
1.7805e-06	2.8300e-01
1.7759e-06	2.8200e-01
1.7710e-06	2.8100e-01
1.7686e-06	2.8000e-01
1.7653e-06	2.7900e-01
1.7601e-06	2.7800e-01
1.7542e-06	2.7700e-01
1.7515e-06	2.7600e-01
1.7506e-06	2.7500e-01
1.7473e-06	2.7400e-01
1.7385e-06	2.7300e-01
1.7362e-06	2.7200e-01
1.7351e-06	2.7100e-01
1.7332e-06	2.7000e-01
1.7254e-06	2.6900e-01
1.7218e-06	2.6800e-01
1.7120e-06	2.6700e-01
1.7100e-06	2.6600e-01
1.7034e-06	2.6500e-01
1.6980e-06	2.6400e-01
1.6981e-06	2.6300e-01
1.6907e-06	2.6200e-01
1.6838e-06	2.6100e-01
1.6782e-06	2.6000e-01
1.6778e-06	2.5900e-01
1.6759e-06	2.5800e-01
1.6687e-06	2.5700e-01
1.6622e-06	2.5600e-01
1.6611e-06	2.5500e-01
1.6542e-06	2.5400e-01
1.6515e-06	2.5300e-01
1.6441e-06	2.5200e-01
1.6420e-06	2.5100e-01
1.6365e-06	2.5000e-01
1.6328e-06	2.4900e-01
1.6287e-06	2.4800e-01
1.6231e-06	2.4700e-01
1.6214e-06	2.4600e-01
1.6170e-06	2.4500e-01
1.6107e-06	2.4400e-01
1.6023e-06	2.4300e-01
1.5976e-06	2.4200e-01
1.5947e-06	2.4100e-01
1.5927e-06	2.4000e-01
1.5854e-06	2.3900e-01
1.5810e-06	2.3800e-01
1.5753e-06	2.3700e-01
1.5702e-06	2.3600e-01
1.5644e-06	2.3500e-01
1.5599e-06	2.3400e-01
1.5538e-06	2.3300e-01
1.5463e-06	2.3200e-01
1.5430e-06	2.3100e-01
1.5382e-06	2.3000e-01
1.5358e-06	2.2900e-01
1.5295e-06	2.2800e-01
1.5253e-06	2.2700e-01
1.5184e-06	2.2600e-01
1.5125e-06	2.2500e-01
1.5053e-06	2.2400e-01
1.5011e-06	2.2300e-01
1.4965e-06	2.2200e-01
1.4907e-06	2.2100e-01
1.4863e-06	2.2000e-01
1.4825e-06	2.1900e-01
1.4770e-06	2.1800e-01
1.4701e-06	2.1700e-01
1.4660e-06	2.1600e-01
1.4591e-06	2.1500e-01
1.4518e-06	2.1400e-01
1.4467e-06	2.1300e-01
1.4440e-06	2.1200e-01
1.4379e-06	2.1100e-01
1.4337e-06	2.1000e-01
1.4262e-06	2.0900e-01
1.4227e-06	2.0800e-01
1.4165e-06	2.0700e-01
1.4124e-06	2.0600e-01
1.4077e-06	2.0500e-01
1.3998e-06	2.0400e-01
1.3957e-06	2.0300e-01
1.3912e-06	2.0200e-01
1.3826e-06	2.0100e-01
1.3774e-06	2.0000e-01
1.3717e-06	1.9900e-01
1.3660e-06	1.9800e-01
1.3614e-06	1.9700e-01
1.3552e-06	1.9600e-01
1.3465e-06	1.9500e-01
1.3435e-06	1.9400e-01
1.3365e-06	1.9300e-01
1.3296e-06	1.9200e-01
1.3237e-06	1.9100e-01
1.3199e-06	1.9000e-01
1.3135e-06	1.8900e-01
1.3071e-06	1.8800e-01
1.3013e-06	1.8700e-01
1.2948e-06	1.8600e-01
1.2937e-06	1.8500e-01
1.2867e-06	1.8400e-01
1.2779e-06	1.8300e-01
1.2740e-06	1.8200e-01
1.2685e-06	1.8100e-01
1.2620e-06	1.8000e-01
1.2553e-06	1.7900e-01
1.2482e-06	1.7800e-01
1.2450e-06	1.7700e-01
1.2387e-06	1.7600e-01
1.2304e-06	1.7500e-01
1.2246e-06	1.7400e-01
1.2192e-06	1.7300e-01
1.2115e-06	1.7200e-01
1.2062e-06	1.7100e-01
1.1992e-06	1.7000e-01
1.1901e-06	1.6900e-01
1.1882e-06	1.6800e-01
1.1822e-06	1.6700e-01
1.1747e-06	1.6600e-01
1.1666e-06	1.6500e-01
1.1623e-06	1.6400e-01
1.1555e-06	1.6300e-01
1.1503e-06	1.6200e-01
1.1422e-06	1.6100e-01
1.1366e-06	1.6000e-01
1.1307e-06	1.5900e-01
1.1248e-06	1.5800e-01
1.1192e-06	1.5700e-01
1.1115e-06	1.5600e-01
1.1066e-06	1.5500e-01
1.1002e-06	1.5400e-01
1.0931e-06	1.5300e-01
1.0875e-06	1.5200e-01
1.0811e-06	1.5100e-01
1.0758e-06	1.5000e-01
1.0684e-06	1.4900e-01
1.0614e-06	1.4800e-01
1.0538e-06	1.4700e-01
1.0465e-06	1.4600e-01
1.0407e-06	1.4500e-01
1.0343e-06	1.4400e-01
1.0261e-06	1.4300e-01
1.0213e-06	1.4200e-01
1.0154e-06	1.4100e-01
1.0095e-06	1.4000e-01
1.0017e-06	1.3900e-01
9.9459e-07	1.3800e-01
9.8815e-07	1.3700e-01
9.8175e-07	1.3600e-01
9.7414e-07	1.3500e-01
9.6677e-07	1.3400e-01
9.6174e-07	1.3300e-01
9.5557e-07	1.3200e-01
9.4728e-07	1.3100e-01
9.4160e-07	1.3000e-01
9.3480e-07	1.2900e-01
9.2884e-07	1.2800e-01
9.2255e-07	1.2700e-01
9.1380e-07	1.2600e-01
9.0818e-07	1.2500e-01
9.0279e-07	1.2400e-01
8.9479e-07	1.2300e-01
8.8654e-07	1.2200e-01
8.8113e-07	1.2100e-01
8.7520e-07	1.2000e-01
8.6853e-07	1.1900e-01
8.5865e-07	1.1800e-01
8.5293e-07	1.1700e-01
8.4773e-07	1.1600e-01
8.4186e-07	1.1500e-01
8.3456e-07	1.1400e-01
8.2658e-07	1.1300e-01
8.2060e-07	1.1200e-01
8.1359e-07	1.1100e-01
8.0707e-07	1.1000e-01
8.0017e-07	1.0900e-01
7.9255e-07	1.0800e-01
7.8495e-07	1.0700e-01
7.7683e-07	1.0600e-01
7.6984e-07	1.0500e-01
7.6279e-07	1.0400e-01
7.5647e-07	1.0300e-01
7.4978e-07	1.0200e-01
7.4334e-07	1.0100e-01
7.3585e-07	1.0000e-01
7.2909e-07	9.9000e-02
7.2223e-07	9.8000e-02
7.1499e-07	9.7000e-02
7.0910e-07	9.6000e-02
7.0266e-07	9.5000e-02
6.9565e-07	9.4000e-02
6.8805e-07	9.3000e-02
6.8113e-07	9.2000e-02
6.7328e-07	9.1000e-02
6.6558e-07	9.0000e-02
6.5861e-07	8.9000e-02
6.5139e-07	8.8000e-02
6.4325e-07	8.7000e-02
6.3582e-07	8.6000e-02
6.2940e-07	8.5000e-02
6.2228e-07	8.4000e-02
6.1513e-07	8.3000e-02
6.0774e-07	8.2000e-02
6.0067e-07	8.1000e-02
5.9362e-07	8.0000e-02
5.8568e-07	7.9000e-02
5.7916e-07	7.8000e-02
5.7137e-07	7.7000e-02
5.6420e-07	7.6000e-02
5.5698e-07	7.5000e-02
5.5009e-07	7.4000e-02
5.4222e-07	7.3000e-02
5.3433e-07	7.2000e-02
5.2627e-07	7.1000e-02
5.1985e-07	7.0000e-02
5.1187e-07	6.9000e-02
5.0455e-07	6.8000e-02
4.9786e-07	6.7000e-02
4.9032e-07	6.6000e-02
4.8361e-07	6.5000e-02
4.7628e-07	6.4000e-02
4.6957e-07	6.3000e-02
4.6191e-07	6.2000e-02
4.5553e-07	6.1000e-02
4.4781e-07	6.0000e-02
4.3994e-07	5.9000e-02
4.3247e-07	5.8000e-02
4.2464e-07	5.7000e-02
4.1799e-07	5.6000e-02
4.1001e-07	5.5000e-02
4.0210e-07	5.4000e-02
3.9534e-07	5.3000e-02
3.8757e-07	5.2000e-02
3.8004e-07	5.1000e-02
3.7248e-07	5.0000e-02
3.6533e-07	4.9000e-02
3.5750e-07	4.8000e-02
3.5020e-07	4.7000e-02
3.4241e-07	4.6000e-02
3.3607e-07	4.5000e-02
3.2728e-07	4.4000e-02
3.1989e-07	4.3000e-02
3.1315e-07	4.2000e-02
3.0556e-07	4.1000e-02
2.9806e-07	4.0000e-02
2.9051e-07	3.9000e-02
2.8331e-07	3.8000e-02
2.7586e-07	3.7000e-02
2.6816e-07	3.6000e-02
2.6088e-07	3.5000e-02
2.5332e-07	3.4000e-02
2.4600e-07	3.3000e-02
2.3873e-07	3.2000e-02
2.3164e-07	3.1000e-02
2.2411e-07	3.0000e-02
2.1647e-07	2.9000e-02
2.0944e-07	2.8000e-02
2.0201e-07	2.7000e-02
1.9473e-07	2.6000e-02
1.8728e-07	2.5000e-02
1.7959e-07	2.4000e-02
1.7225e-07	2.3000e-02
1.6444e-07	2.2000e-02
1.5716e-07	2.1000e-02
1.4948e-07	2.0000e-02
1.4167e-07	1.9000e-02
1.3418e-07	1.8000e-02
1.2706e-07	1.7000e-02
1.1946e-07	1.6000e-02
1.1210e-07	1.5000e-02
1.0442e-07	1.4000e-02
9.6924e-08	1.3000e-02
8.9326e-08	1.2000e-02
8.1602e-08	1.1000e-02
7.3899e-08	1.0000e-02
6.6575e-08	9.0000e-03
5.9293e-08	8.0000e-03
5.1801e-08	7.0000e-03
4.4350e-08	6.0000e-03
3.7215e-08	5.0000e-03
2.9639e-08	4.0000e-03
2.2167e-08	3.0000e-03
1.4527e-08	2.0000e-03
7.0981e-09	1.0000e-03
-2.6811e-10	0.0000e+00
-7.4655e-09	-1.0000e-03
-1.5084e-08	-2.0000e-03
-2.2365e-08	-3.0000e-03
-2.9815e-08	-4.0000e-03
-3.7223e-08	-5.0000e-03
-4.4568e-08	-6.0000e-03
-5.2271e-08	-7.0000e-03
-5.9594e-08	-8.0000e-03
-6.6813e-08	-9.0000e-03
-7.3968e-08	-1.0000e-02
-8.1902e-08	-1.1000e-02
-8.9436e-08	-1.2000e-02
-9.6949e-08	-1.3000e-02
-1.0482e-07	-1.4000e-02
-1.1200e-07	-1.5000e-02
-1.1968e-07	-1.6000e-02
-1.2702e-07	-1.7000e-02
-1.3460e-07	-1.8000e-02
-1.4207e-07	-1.9000e-02
-1.4901e-07	-2.0000e-02
-1.5611e-07	-2.1000e-02
-1.6358e-07	-2.2000e-02
-1.7115e-07	-2.3000e-02
-1.7833e-07	-2.4000e-02
-1.8544e-07	-2.5000e-02
-1.9279e-07	-2.6000e-02
-2.0030e-07	-2.7000e-02
-2.0729e-07	-2.8000e-02
-2.1438e-07	-2.9000e-02
-2.2166e-07	-3.0000e-02
-2.2909e-07	-3.1000e-02
-2.3671e-07	-3.2000e-02
-2.4418e-07	-3.3000e-02
-2.5150e-07	-3.4000e-02
-2.5803e-07	-3.5000e-02
-2.6577e-07	-3.6000e-02
-2.7261e-07	-3.7000e-02
-2.8027e-07	-3.8000e-02
-2.8817e-07	-3.9000e-02
-2.9490e-07	-4.0000e-02
-3.0275e-07	-4.1000e-02
-3.0984e-07	-4.2000e-02
-3.1630e-07	-4.3000e-02
-3.2356e-07	-4.4000e-02
-3.3036e-07	-4.5000e-02
-3.3792e-07	-4.6000e-02
-3.4524e-07	-4.7000e-02
-3.5307e-07	-4.8000e-02
-3.6092e-07	-4.9000e-02
-3.6854e-07	-5.0000e-02
-3.7487e-07	-5.1000e-02
-3.8390e-07	-5.2000e-02
-3.8994e-07	-5.3000e-02
-3.9783e-07	-5.4000e-02
-4.0349e-07	-5.5000e-02
-4.1088e-07	-5.6000e-02
-4.1707e-07	-5.7000e-02
-4.2399e-07	-5.8000e-02
-4.3251e-07	-5.9000e-02
-4.3870e-07	-6.0000e-02
-4.4497e-07	-6.1000e-02
-4.5293e-07	-6.2000e-02
-4.5958e-07	-6.3000e-02
-4.6566e-07	-6.4000e-02
-4.7305e-07	-6.5000e-02
-4.8052e-07	-6.6000e-02
-4.8713e-07	-6.7000e-02
-4.9441e-07	-6.8000e-02
-5.0116e-07	-6.9000e-02
-5.0817e-07	-7.0000e-02
-5.1531e-07	-7.1000e-02
-5.2259e-07	-7.2000e-02
-5.2978e-07	-7.3000e-02
-5.3639e-07	-7.4000e-02
-5.4409e-07	-7.5000e-02
-5.5096e-07	-7.6000e-02
-5.5706e-07	-7.7000e-02
-5.6421e-07	-7.8000e-02
-5.7086e-07	-7.9000e-02
-5.7848e-07	-8.0000e-02
-5.8459e-07	-8.1000e-02
-5.9115e-07	-8.2000e-02
-5.9913e-07	-8.3000e-02
-6.0502e-07	-8.4000e-02
-6.1380e-07	-8.5000e-02
-6.1916e-07	-8.6000e-02
-6.2560e-07	-8.7000e-02
-6.3453e-07	-8.8000e-02
-6.4143e-07	-8.9000e-02
-6.4680e-07	-9.0000e-02
-6.5319e-07	-9.1000e-02
-6.5879e-07	-9.2000e-02
-6.6563e-07	-9.3000e-02
-6.7396e-07	-9.4000e-02
-6.7895e-07	-9.5000e-02
-6.8674e-07	-9.6000e-02
-6.9293e-07	-9.7000e-02
-6.9983e-07	-9.8000e-02
-7.0560e-07	-9.9000e-02
-7.1267e-07	-1.0000e-01
-7.1948e-07	-1.0100e-01
-7.2666e-07	-1.0200e-01
-7.3281e-07	-1.0300e-01
-7.3965e-07	-1.0400e-01
-7.4581e-07	-1.0500e-01
-7.5255e-07	-1.0600e-01
-7.5852e-07	-1.0700e-01
-7.6595e-07	-1.0800e-01
-7.7248e-07	-1.0900e-01
-7.7826e-07	-1.1000e-01
-7.8409e-07	-1.1100e-01
-7.8952e-07	-1.1200e-01
-7.9622e-07	-1.1300e-01
-8.0194e-07	-1.1400e-01
-8.1080e-07	-1.1500e-01
-8.1665e-07	-1.1600e-01
-8.2204e-07	-1.1700e-01
-8.2846e-07	-1.1800e-01
-8.3431e-07	-1.1900e-01
-8.4230e-07	-1.2000e-01
-8.4685e-07	-1.2100e-01
-8.5228e-07	-1.2200e-01
-8.5983e-07	-1.2300e-01
-8.6678e-07	-1.2400e-01
-8.7208e-07	-1.2500e-01
-8.7728e-07	-1.2600e-01
-8.8429e-07	-1.2700e-01
-8.9104e-07	-1.2800e-01
-8.9849e-07	-1.2900e-01
-9.0268e-07	-1.3000e-01
-9.0965e-07	-1.3100e-01
-9.1685e-07	-1.3200e-01
-9.2244e-07	-1.3300e-01
-9.2970e-07	-1.3400e-01
-9.3290e-07	-1.3500e-01
-9.4077e-07	-1.3600e-01
-9.4745e-07	-1.3700e-01
-9.5477e-07	-1.3800e-01
-9.5999e-07	-1.3900e-01
-9.6704e-07	-1.4000e-01
-9.7270e-07	-1.4100e-01
-9.7800e-07	-1.4200e-01
-9.8097e-07	-1.4300e-01
-9.8419e-07	-1.4400e-01
-9.9356e-07	-1.4500e-01
-1.0008e-06	-1.4600e-01
-1.0057e-06	-1.4700e-01
-1.0101e-06	-1.4800e-01
-1.0165e-06	-1.4900e-01
-1.0250e-06	-1.5000e-01
-1.0275e-06	-1.5100e-01
-1.0338e-06	-1.5200e-01
-1.0370e-06	-1.5300e-01
-1.0469e-06	-1.5400e-01
-1.0529e-06	-1.5500e-01
-1.0542e-06	-1.5600e-01
-1.0597e-06	-1.5700e-01
-1.0692e-06	-1.5800e-01
-1.0736e-06	-1.5900e-01
-1.0798e-06	-1.6000e-01
-1.0804e-06	-1.6100e-01
-1.0907e-06	-1.6200e-01
-1.0969e-06	-1.6300e-01
-1.1022e-06	-1.6400e-01
-1.1060e-06	-1.6500e-01
-1.1144e-06	-1.6600e-01
-1.1149e-06	-1.6700e-01
-1.1242e-06	-1.6800e-01
-1.1266e-06	-1.6900e-01
-1.1365e-06	-1.7000e-01
-1.1406e-06	-1.7100e-01
-1.1458e-06	-1.7200e-01
-1.1491e-06	-1.7300e-01
-1.1533e-06	-1.7400e-01
-1.1638e-06	-1.7500e-01
-1.1693e-06	-1.7600e-01
-1.1720e-06	-1.7700e-01
-1.1768e-06	-1.7800e-01
-1.1791e-06	-1.7900e-01
-1.1834e-06	-1.8000e-01
-1.1935e-06	-1.8100e-01
-1.1965e-06	-1.8200e-01
-1.2053e-06	-1.8300e-01
-1.2110e-06	-1.8400e-01
-1.2130e-06	-1.8500e-01
-1.2126e-06	-1.8600e-01
-1.2242e-06	-1.8700e-01
-1.2278e-06	-1.8800e-01
-1.2321e-06	-1.8900e-01
-1.2388e-06	-1.9000e-01
-1.2424e-06	-1.9100e-01
-1.2493e-06	-1.9200e-01
-1.2533e-06	-1.9300e-01
-1.2581e-06	-1.9400e-01
-1.2618e-06	-1.9500e-01
-1.2650e-06	-1.9600e-01
-1.2687e-06	-1.9700e-01
-1.2771e-06	-1.9800e-01
-1.2791e-06	-1.9900e-01
-1.2827e-06	-2.0000e-01
-1.2901e-06	-2.0100e-01
-1.2966e-06	-2.0200e-01
-1.2977e-06	-2.0300e-01
-1.3030e-06	-2.0400e-01
-1.3075e-06	-2.0500e-01
-1.3130e-06	-2.0600e-01
-1.3165e-06	-2.0700e-01
-1.3216e-06	-2.0800e-01
-1.3282e-06	-2.0900e-01
-1.3316e-06	-2.1000e-01
-1.3369e-06	-2.1100e-01
-1.3408e-06	-2.1200e-01
-1.3419e-06	-2.1300e-01
-1.3484e-06	-2.1400e-01
-1.3542e-06	-2.1500e-01
-1.3566e-06	-2.1600e-01
-1.3612e-06	-2.1700e-01
-1.3664e-06	-2.1800e-01
-1.3709e-06	-2.1900e-01
-1.3753e-06	-2.2000e-01
-1.3767e-06	-2.2100e-01
-1.3813e-06	-2.2200e-01
-1.3859e-06	-2.2300e-01
-1.3896e-06	-2.2400e-01
-1.3958e-06	-2.2500e-01
-1.4019e-06	-2.2600e-01
-1.4064e-06	-2.2700e-01
-1.4119e-06	-2.2800e-01
-1.4145e-06	-2.2900e-01
-1.4158e-06	-2.3000e-01
-1.4225e-06	-2.3100e-01
-1.4275e-06	-2.3200e-01
-1.4297e-06	-2.3300e-01
-1.4343e-06	-2.3400e-01
-1.4379e-06	-2.3500e-01
-1.4458e-06	-2.3600e-01
-1.4499e-06	-2.3700e-01
-1.4500e-06	-2.3800e-01
-1.4541e-06	-2.3900e-01
-1.4618e-06	-2.4000e-01
-1.4623e-06	-2.4100e-01
-1.4694e-06	-2.4200e-01
-1.4722e-06	-2.4300e-01
-1.4768e-06	-2.4400e-01
-1.4819e-06	-2.4500e-01
-1.4841e-06	-2.4600e-01
-1.4853e-06	-2.4700e-01
-1.4879e-06	-2.4800e-01
-1.4982e-06	-2.4900e-01
-1.5001e-06	-2.5000e-01
-1.5014e-06	-2.5100e-01
-1.5075e-06	-2.5200e-01
-1.5125e-06	-2.5300e-01
-1.5178e-06	-2.5400e-01
-1.5198e-06	-2.5500e-01
-1.5222e-06	-2.5600e-01
-1.5271e-06	-2.5700e-01
-1.5330e-06	-2.5800e-01
-1.5339e-06	-2.5900e-01
-1.5350e-06	-2.6000e-01
-1.5408e-06	-2.6100e-01
-1.5438e-06	-2.6200e-01
-1.5458e-06	-2.6300e-01
-1.5497e-06	-2.6400e-01
-1.5548e-06	-2.6500e-01
-1.5580e-06	-2.6600e-01
-1.5643e-06	-2.6700e-01
-1.5652e-06	-2.6800e-01
-1.5732e-06	-2.6900e-01
-1.5733e-06	-2.7000e-01
-1.5772e-06	-2.7100e-01
-1.5792e-06	-2.7200e-01
-1.5807e-06	-2.7300e-01
-1.5861e-06	-2.7400e-01
-1.5909e-06	-2.7500e-01
-1.5942e-06	-2.7600e-01
-1.5998e-06	-2.7700e-01
-1.6051e-06	-2.7800e-01
-1.6049e-06	-2.7900e-01
-1.6039e-06	-2.8000e-01
-1.6046e-06	-2.8100e-01
-1.6123e-06	-2.8200e-01
-1.6168e-06	-2.8300e-01
-1.6205e-06	-2.8400e-01
-1.6172e-06	-2.8500e-01
-1.6227e-06	-2.8600e-01
-1.6251e-06	-2.8700e-01
-1.6290e-06	-2.8800e-01
-1.6331e-06	-2.8900e-01
-1.6304e-06	-2.9000e-01
-1.6379e-06	-2.9100e-01
-1.6405e-06	-2.9200e-01
-1.6430e-06	-2.9300e-01
-1.6479e-06	-2.9400e-01
-1.6497e-06	-2.9500e-01
-1.6557e-06	-2.9600e-01
-1.6578e-06	-2.9700e-01
-1.6600e-06	-2.9800e-01
-1.6608e-06	-2.9900e-01
-1.6633e-06	-3.0000e-01
-1.6692e-06	-3.0100e-01
-1.6695e-06	-3.0200e-01
-1.6739e-06	-3.0300e-01
-1.6782e-06	-3.0400e-01
-1.6813e-06	-3.0500e-01
-1.6887e-06	-3.0600e-01
-1.6899e-06	-3.0700e-01
-1.6877e-06	-3.0800e-01
-1.6860e-06	-3.0900e-01
-1.6912e-06	-3.1000e-01
-1.6977e-06	-3.1100e-01
-1.6975e-06	-3.1200e-01
-1.7038e-06	-3.1300e-01
-1.7038e-06	-3.1400e-01
-1.7085e-06	-3.1500e-01
-1.7101e-06	-3.1600e-01
-1.7134e-06	-3.1700e-01
-1.7187e-06	-3.1800e-01
-1.7151e-06	-3.1900e-01
-1.7253e-06	-3.2000e-01
-1.7252e-06	-3.2100e-01
-1.7275e-06	-3.2200e-01
-1.7330e-06	-3.2300e-01
-1.7288e-06	-3.2400e-01
-1.7318e-06	-3.2500e-01
-1.7380e-06	-3.2600e-01
-1.7420e-06	-3.2700e-01
-1.7425e-06	-3.2800e-01
-1.7378e-06	-3.2900e-01
-1.7428e-06	-3.3000e-01
-1.7511e-06	-3.3100e-01
-1.7554e-06	-3.3200e-01
-1.7541e-06	-3.3300e-01
-1.7589e-06	-3.3400e-01
-1.7571e-06	-3.3500e-01
-1.7642e-06	-3.3600e-01
-1.7648e-06	-3.3700e-01
-1.7652e-06	-3.3800e-01
-1.7734e-06	-3.3900e-01
-1.7769e-06	-3.4000e-01
-1.7714e-06	-3.4100e-01
-1.7776e-06	-3.4200e-01
-1.7773e-06	-3.4300e-01
-1.7800e-06	-3.4400e-01
-1.7827e-06	-3.4500e-01
-1.7787e-06	-3.4600e-01
-1.7885e-06	-3.4700e-01
-1.7831e-06	-3.4800e-01
-1.7914e-06	-3.4900e-01
-1.7920e-06	-3.5000e-01
-1.7951e-06	-3.5100e-01
-1.8008e-06	-3.5200e-01
-1.7974e-06	-3.5300e-01
-1.8031e-06	-3.5400e-01
-1.8015e-06	-3.5500e-01
-1.8069e-06	-3.5600e-01
-1.8043e-06	-3.5700e-01
-1.8072e-06	-3.5800e-01
-1.8076e-06	-3.5900e-01
-1.8093e-06	-3.6000e-01
-1.8170e-06	-3.6100e-01
-1.8189e-06	-3.6200e-01
-1.8163e-06	-3.6300e-01
-1.8217e-06	-3.6400e-01
-1.8214e-06	-3.6500e-01
-1.8251e-06	-3.6600e-01
-1.8306e-06	-3.6700e-01
-1.8304e-06	-3.6800e-01
-1.8324e-06	-3.6900e-01
-1.8383e-06	-3.7000e-01
-1.8389e-06	-3.7100e-01
-1.8431e-06	-3.7200e-01
-1.8384e-06	-3.7300e-01
-1.8430e-06	-3.7400e-01
-1.8449e-06	-3.7500e-01
-1.8440e-06	-3.7600e-01
-1.8526e-06	-3.7700e-01
-1.8486e-06	-3.7800e-01
-1.8570e-06	-3.7900e-01
-1.8596e-06	-3.8000e-01
-1.8582e-06	-3.8100e-01
-1.8644e-06	-3.8200e-01
-1.8620e-06	-3.8300e-01
-1.8580e-06	-3.8400e-01
-1.8663e-06	-3.8500e-01
-1.8599e-06	-3.8600e-01
-1.8676e-06	-3.8700e-01
-1.8652e-06	-3.8800e-01
-1.8722e-06	-3.8900e-01
-1.8728e-06	-3.9000e-01
-1.8730e-06	-3.9100e-01
-1.8772e-06	-3.9200e-01
-1.8798e-06	-3.9300e-01
-1.8802e-06	-3.9400e-01
-1.8766e-06	-3.9500e-01
-1.8870e-06	-3.9600e-01
-1.8821e-06	-3.9700e-01
-1.8814e-06	-3.9800e-01
-1.8874e-06	-3.9900e-01
-1.8963e-06	-4.0000e-01
-1.8908e-06	-4.0100e-01
-1.8933e-06	-4.0200e-01
-1.8932e-06	-4.0300e-01
-1.8986e-06	-4.0400e-01
-1.8960e-06	-4.0500e-01
-1.9018e-06	-4.0600e-01
-1.9033e-06	-4.0700e-01
-1.9064e-06	-4.0800e-01
-1.9029e-06	-4.0900e-01
-1.9088e-06	-4.1000e-01
-1.9082e-06	-4.1100e-01
-1.9101e-06	-4.1200e-01
-1.9135e-06	-4.1300e-01
-1.9104e-06	-4.1400e-01
-1.9167e-06	-4.1500e-01
-1.9161e-06	-4.1600e-01
-1.9252e-06	-4.1700e-01
-1.9159e-06	-4.1800e-01
-1.9196e-06	-4.1900e-01
-1.9293e-06	-4.2000e-01
-1.9270e-06	-4.2100e-01
-1.9310e-06	-4.2200e-01
-1.9263e-06	-4.2300e-01
-1.9287e-06	-4.2400e-01
-1.9318e-06	-4.2500e-01
-1.9311e-06	-4.2600e-01
-1.9377e-06	-4.2700e-01
-1.9382e-06	-4.2800e-01
-1.9386e-06	-4.2900e-01
-1.9402e-06	-4.3000e-01
-1.9442e-06	-4.3100e-01
-1.9413e-06	-4.3200e-01
-1.9414e-06	-4.3300e-01
-1.9453e-06	-4.3400e-01
-1.9479e-06	-4.3500e-01
-1.9473e-06	-4.3600e-01
-1.9565e-06	-4.3700e-01
-1.9536e-06	-4.3800e-01
-1.9511e-06	-4.3900e-01
-1.9528e-06	-4.4000e-01
-1.9537e-06	-4.4100e-01
-1.9575e-06	-4.4200e-01
-1.9626e-06	-4.4300e-01
-1.9692e-06	-4.4400e-01
-1.9730e-06	-4.4500e-01
-1.9603e-06	-4.4600e-01
-1.9645e-06	-4.4700e-01
-1.9659e-06	-4.4800e-01
-1.9712e-06	-4.4900e-01
-1.9756e-06	-4.5000e-01
-1.9624e-06	-4.5100e-01
-1.9693e-06	-4.5200e-01
-1.9660e-06	-4.5300e-01
-1.9653e-06	-4.5400e-01
-1.9722e-06	-4.5500e-01
-1.9799e-06	-4.5600e-01
-1.9805e-06	-4.5700e-01
-1.9755e-06	-4.5800e-01
-1.9800e-06	-4.5900e-01
-1.9798e-06	-4.6000e-01
-1.9756e-06	-4.6100e-01
-1.9780e-06	-4.6200e-01
-1.9804e-06	-4.6300e-01
-1.9741e-06	-4.6400e-01
-1.9814e-06	-4.6500e-01
-1.9893e-06	-4.6600e-01
-1.9794e-06	-4.6700e-01
-2.0014e-06	-4.6800e-01
-1.9907e-06	-4.6900e-01
-1.9944e-06	-4.7000e-01
-1.9896e-06	-4.7100e-01
-1.9970e-06	-4.7200e-01
-2.0033e-06	-4.7300e-01
-2.0082e-06	-4.7400e-01
-1.9987e-06	-4.7500e-01
-1.9956e-06	-4.7600e-01
-2.0043e-06	-4.7700e-01
-2.0008e-06	-4.7800e-01
-2.0046e-06	-4.7900e-01
-2.0025e-06	-4.8000e-01
-2.0070e-06	-4.8100e-01
-2.0055e-06	-4.8200e-01
-2.0089e-06	-4.8300e-01
-2.0023e-06	-4.8400e-01
-2.0059e-06	-4.8500e-01
-2.0045e-06	-4.8600e-01
-2.0105e-06	-4.8700e-01
-2.0096e-06	-4.8800e-01
-2.0139e-06	-4.8900e-01
-2.0065e-06	-4.9000e-01
-2.0169e-06	-4.9100e-01
-2.0143e-06	-4.9200e-01
-2.0130e-06	-4.9300e-01
-2.0171e-06	-4.9400e-01
-2.0215e-06	-4.9500e-01
-2.0116e-06	-4.9600e-01
-2.0142e-06	-4.9700e-01
-2.0168e-06	-4.9800e-01
-2.0207e-06	-4.9900e-01
-2.0299e-06	-5.0000e-01
